1 0.541259765625 0.388671875 0.01025390625 0.01171875
1 0.5283203125 0.39111328125 0.015625 0.0224609375
1 0.468505859375 0.3984375 0.01611328125 0.03125
0 0.40234375 0.40185546875 0.005859375 0.0322265625
0 0.398193359375 0.40185546875 0.00634765625 0.0302734375
0 0.3212890625 0.427734375 0.0126953125 0.060546875
1 0.412841796875 0.4140625 0.03173828125 0.0546875
1 0.379638671875 0.43505859375 0.05517578125 0.0810546875
1 0.5517578125 0.39111328125 0.0205078125 0.0263671875
0 0.611328125 0.380859375 0.0048828125 0.03125
1 0.66259765625 0.3564453125 0.0302734375 0.05078125
1 0.552490234375 0.40087890625 0.02001953125 0.0400390625
1 0.55859375 0.40869140625 0.0263671875 0.0458984375
1 0.584716796875 0.41845703125 0.05322265625 0.0771484375
0 0.899658203125 0.4033203125 0.01806640625 0.103515625
