1 0.436279296875 0.4658203125 0.06103515625 0.109375
1 0.361572265625 0.4873046875 0.11083984375 0.275390625
1 0.27734375 0.54736328125 0.18359375 0.3798828125
1 0.125732421875 0.6611328125 0.25439453125 0.669921875
1 0.599365234375 0.44482421875 0.03369140625 0.0361328125
1 0.605712890625 0.4560546875 0.02001953125 0.0390625
1 0.632568359375 0.44873046875 0.04833984375 0.0517578125
1 0.649658203125 0.44921875 0.06494140625 0.060546875
1 0.68359375 0.447265625 0.119140625 0.056640625
0 0.7490234375 0.44580078125 0.0517578125 0.2509765625
1 0.5400390625 0.45263671875 0.033203125 0.0498046875
