0 0.58837890625 0.39892578125 0.005859375 0.0380859375
1 0.774169921875 0.39697265625 0.04345703125 0.0439453125
1 0.800537109375 0.40771484375 0.06982421875 0.0849609375
1 0.914794921875 0.4111328125 0.13720703125 0.146484375
1 0.9609375 0.41845703125 0.0751953125 0.1357421875
1 0.994140625 0.4658203125 0.0087890625 0.0703125
0 0.30810546875 0.41552734375 0.00390625 0.0244140625
0 0.316162109375 0.4208984375 0.00732421875 0.041015625
0 0.404541015625 0.427734375 0.00830078125 0.0703125
0 0.37353515625 0.41748046875 0.005859375 0.0458984375
0 0.379638671875 0.42724609375 0.01123046875 0.0712890625
0 0.2802734375 0.44775390625 0.029296875 0.1240234375
0 0.148681640625 0.4404296875 0.01904296875 0.1171875
0 0.1748046875 0.4560546875 0.0302734375 0.177734375
0 0.1591796875 0.466796875 0.03125 0.154296875
0 0.12646484375 0.4609375 0.0283203125 0.2265625
0 0.03759765625 0.4716796875 0.0361328125 0.228515625
0 0.013427734375 0.49853515625 0.02978515625 0.2099609375
0 0.059814453125 0.4794921875 0.05908203125 0.263671875
