1 0.531982421875 0.4833984375 0.02294921875 0.03515625
1 0.44189453125 0.48095703125 0.068359375 0.0556640625
0 0.35400390625 0.43994140625 0.0068359375 0.0244140625
1 0.61865234375 0.4755859375 0.0263671875 0.044921875
1 0.625 0.48046875 0.0234375 0.03125
1 0.595703125 0.47802734375 0.0283203125 0.0458984375
1 0.648193359375 0.46875 0.04931640625 0.095703125
1 0.71533203125 0.45458984375 0.1259765625 0.1513671875
1 0.7744140625 0.484375 0.1845703125 0.228515625
1 0.81689453125 0.4951171875 0.146484375 0.25
1 0.9345703125 0.4658203125 0.1259765625 0.498046875
1 0.353515625 0.49658203125 0.0751953125 0.1005859375
1 0.33740234375 0.49853515625 0.05078125 0.1005859375
1 0.315673828125 0.50048828125 0.07470703125 0.1240234375
1 0.23779296875 0.50244140625 0.1279296875 0.1474609375
1 0.192138671875 0.51025390625 0.08349609375 0.1552734375
1 0.139404296875 0.51171875 0.12255859375 0.1875
1 0.052734375 0.49560546875 0.1064453125 0.2548828125
1 0.03076171875 0.517578125 0.064453125 0.203125
