1 0.109375 0.43017578125 0.048828125 0.0732421875
0 0.420654296875 0.44189453125 0.01220703125 0.0751953125
1 0.498779296875 0.4375 0.01416015625 0.0390625
1 0.484619140625 0.439453125 0.02978515625 0.046875
1 0.53564453125 0.41796875 0.056640625 0.05859375
1 0.34423828125 0.5146484375 0.10546875 0.220703125
1 0.22119140625 0.603515625 0.2529296875 0.42578125
1 0.0712890625 0.63916015625 0.1455078125 0.7119140625
1 0.564697265625 0.43798828125 0.01708984375 0.0498046875
1 0.572021484375 0.4404296875 0.01708984375 0.0546875
1 0.583740234375 0.4443359375 0.03759765625 0.072265625
0 0.599853515625 0.45361328125 0.03857421875 0.1845703125
