0 0.546875 0.43701171875 0.0078125 0.0283203125
0 0.45166015625 0.44140625 0.0078125 0.0390625
1 0.569091796875 0.4462890625 0.03857421875 0.05859375
0 0.680419921875 0.41748046875 0.01220703125 0.0458984375
0 0.702392578125 0.408203125 0.01318359375 0.04296875
0 0.711669921875 0.412109375 0.01513671875 0.052734375
0 0.719482421875 0.41455078125 0.01416015625 0.0341796875
0 0.74169921875 0.40966796875 0.0068359375 0.0302734375
0 0.74462890625 0.41845703125 0.0087890625 0.0322265625
0 0.763671875 0.41796875 0.013671875 0.064453125
0 0.7900390625 0.42919921875 0.015625 0.0810546875
0 0.785400390625 0.41943359375 0.02001953125 0.0732421875
0 0.735107421875 0.4130859375 0.01318359375 0.0625
0 0.750732421875 0.4150390625 0.01318359375 0.060546875
0 0.773193359375 0.41943359375 0.02587890625 0.0771484375
0 0.841796875 0.43017578125 0.017578125 0.0966796875
0 0.829833984375 0.4248046875 0.02587890625 0.1328125
1 0.6103515625 0.45263671875 0.0625 0.1162109375
1 0.64404296875 0.4619140625 0.091796875 0.123046875
1 0.387939453125 0.4375 0.01416015625 0.025390625
1 0.37353515625 0.4580078125 0.0361328125 0.087890625
1 0.3583984375 0.46142578125 0.03515625 0.0947265625
1 0.4130859375 0.47216796875 0.0712890625 0.1025390625
1 0.50830078125 0.46337890625 0.0751953125 0.1181640625
0 0.184326171875 0.44287109375 0.01416015625 0.0966796875
0 0.197998046875 0.4521484375 0.01904296875 0.11328125
0 0.2109375 0.43798828125 0.021484375 0.0751953125
0 0.219482421875 0.435546875 0.01611328125 0.0546875
1 0.273681640625 0.5146484375 0.18115234375 0.2421875
