1 0.482177734375 0.4326171875 0.01708984375 0.02734375
1 0.4716796875 0.43798828125 0.01171875 0.0341796875
1 0.4599609375 0.4404296875 0.02734375 0.04296875
1 0.524658203125 0.44482421875 0.05224609375 0.0791015625
0 0.37109375 0.44140625 0.0166015625 0.05078125
1 0.6376953125 0.44775390625 0.0673828125 0.1318359375
1 0.7109375 0.4658203125 0.1279296875 0.193359375
1 0.279296875 0.47265625 0.0859375 0.130859375
1 0.170166015625 0.4990234375 0.14013671875 0.2109375
1 0.06396484375 0.5439453125 0.130859375 0.244140625
