1 0.40625 0.4580078125 0.009765625 0.015625
0 0.534912109375 0.44677734375 0.00439453125 0.0185546875
1 0.458251953125 0.45361328125 0.00634765625 0.0107421875
1 0.466796875 0.451171875 0.0078125 0.013671875
1 0.47265625 0.451171875 0.0087890625 0.015625
1 0.47705078125 0.4521484375 0.0068359375 0.015625
1 0.483642578125 0.451171875 0.01123046875 0.01953125
1 0.492431640625 0.45166015625 0.01318359375 0.0205078125
1 0.3271484375 0.46484375 0.0283203125 0.033203125
1 0.256591796875 0.46875 0.05517578125 0.06640625
1 0.114013671875 0.48291015625 0.06201171875 0.0732421875
0 0.673583984375 0.548828125 0.14404296875 0.482421875
0 0.923828125 0.591796875 0.1484375 0.74609375
