1 0.128173828125 0.39599609375 0.07080078125 0.0576171875
1 0.073974609375 0.41748046875 0.10107421875 0.0791015625
1 0.0244140625 0.41943359375 0.0517578125 0.0751953125
1 0.298095703125 0.4130859375 0.08447265625 0.068359375
1 0.5908203125 0.4072265625 0.0751953125 0.048828125
1 0.548095703125 0.4140625 0.07373046875 0.048828125
1 0.509765625 0.412109375 0.0576171875 0.0546875
0 0.9736328125 0.380859375 0.005859375 0.01953125
1 0.991455078125 0.39794921875 0.01318359375 0.0361328125
1 0.96240234375 0.40478515625 0.0380859375 0.0458984375
1 0.876953125 0.412109375 0.064453125 0.068359375
1 0.721435546875 0.40283203125 0.08349609375 0.0673828125
1 0.719970703125 0.41845703125 0.03076171875 0.0341796875
1 0.669677734375 0.4189453125 0.09033203125 0.076171875
1 0.41259765625 0.42529296875 0.1748046875 0.1279296875
1 0.1796875 0.43115234375 0.1904296875 0.1474609375
