1 0.639404296875 0.359375 0.05419921875 0.037109375
0 0.248046875 0.3681640625 0.009765625 0.052734375
0 0.254150390625 0.36865234375 0.01123046875 0.0537109375
1 0.434814453125 0.35595703125 0.02685546875 0.0595703125
1 0.47119140625 0.36279296875 0.0263671875 0.0478515625
0 0.3876953125 0.35498046875 0.0078125 0.0361328125
1 0.39599609375 0.37451171875 0.0283203125 0.0361328125
1 0.419921875 0.37255859375 0.0283203125 0.0361328125
1 0.455322265625 0.36767578125 0.03076171875 0.0419921875
1 0.557373046875 0.357421875 0.03173828125 0.04296875
1 0.5302734375 0.396484375 0.046875 0.072265625
