1 0.301025390625 0.33251953125 0.01611328125 0.0166015625
1 0.31201171875 0.34033203125 0.013671875 0.0205078125
1 0.2802734375 0.33642578125 0.0126953125 0.0185546875
1 0.2783203125 0.34130859375 0.0126953125 0.0224609375
1 0.302001953125 0.34912109375 0.01318359375 0.0205078125
1 0.30810546875 0.35791015625 0.0146484375 0.0224609375
1 0.3037109375 0.37548828125 0.0205078125 0.0283203125
1 0.509765625 0.3798828125 0.0166015625 0.0234375
1 0.5185546875 0.38232421875 0.0234375 0.0244140625
1 0.531982421875 0.3896484375 0.03466796875 0.029296875
0 0.5126953125 0.40966796875 0.0068359375 0.0224609375
1 0.3349609375 0.33544921875 0.0078125 0.0185546875
1 0.557861328125 0.43505859375 0.05029296875 0.0458984375
1 0.508544921875 0.455078125 0.05224609375 0.07421875
1 0.30908203125 0.46630859375 0.064453125 0.0888671875
