1 0.515625 0.40966796875 0.013671875 0.0263671875
1 0.594970703125 0.4130859375 0.02685546875 0.048828125
0 0.620849609375 0.40234375 0.00537109375 0.064453125
0 0.6181640625 0.40673828125 0.0087890625 0.0693359375
1 0.666259765625 0.42041015625 0.01416015625 0.0498046875
0 0.804443359375 0.4404296875 0.05615234375 0.26953125
0 0.4033203125 0.39892578125 0.009765625 0.0517578125
1 0.236083984375 0.39501953125 0.03564453125 0.0673828125
0 0.018310546875 0.337890625 0.01123046875 0.03515625
1 0.101318359375 0.4990234375 0.20556640625 0.3203125
1 0.49658203125 0.40966796875 0.0380859375 0.0576171875
1 0.52734375 0.416015625 0.0166015625 0.06640625
1 0.557373046875 0.42236328125 0.06396484375 0.1142578125
