1 0.575927734375 0.435546875 0.02490234375 0.046875
1 0.447509765625 0.42529296875 0.03173828125 0.0673828125
1 0.371826171875 0.458984375 0.05224609375 0.07421875
0 0.25927734375 0.421875 0.0185546875 0.046875
0 0.19677734375 0.4169921875 0.0234375 0.044921875
1 0.27587890625 0.486328125 0.1015625 0.12890625
1 0.158203125 0.515625 0.1640625 0.18359375
1 0.609619140625 0.4033203125 0.06591796875 0.16015625
1 0.948486328125 0.43994140625 0.09912109375 0.1181640625
1 0.973388671875 0.615234375 0.04931640625 0.30078125
1 0.525634765625 0.43408203125 0.02685546875 0.0419921875
