1 0.50390625 0.42041015625 0.0078125 0.0224609375
1 0.51025390625 0.4208984375 0.0126953125 0.0234375
1 0.589599609375 0.4208984375 0.01123046875 0.013671875
1 0.595458984375 0.4228515625 0.00732421875 0.025390625
1 0.599853515625 0.42431640625 0.01123046875 0.0283203125
1 0.608154296875 0.4287109375 0.01806640625 0.0390625
1 0.625244140625 0.4326171875 0.02685546875 0.0546875
1 0.649169921875 0.44775390625 0.05224609375 0.0869140625
1 0.71337890625 0.4794921875 0.1142578125 0.16015625
0 0.93896484375 0.45751953125 0.052734375 0.2353515625
1 0.543212890625 0.42041015625 0.01806640625 0.0361328125
1 0.5673828125 0.4404296875 0.0478515625 0.0703125
