1 0.24658203125 0.45751953125 0.0224609375 0.0302734375
1 0.333251953125 0.45458984375 0.01416015625 0.0224609375
1 0.390869140625 0.45703125 0.02392578125 0.041015625
1 0.409423828125 0.45751953125 0.03271484375 0.0400390625
0 0.364013671875 0.4482421875 0.01611328125 0.09375
1 0.83447265625 0.427734375 0.0205078125 0.0390625
0 0.788818359375 0.44287109375 0.02001953125 0.1005859375
0 0.70068359375 0.44384765625 0.0126953125 0.0712890625
0 0.5478515625 0.48095703125 0.046875 0.1826171875
1 0.185302734375 0.455078125 0.01611328125 0.02734375
0 0.07421875 0.4658203125 0.0107421875 0.099609375
