0 0.478759765625 0.44873046875 0.01513671875 0.0908203125
0 0.489990234375 0.41796875 0.01416015625 0.033203125
0 0.266357421875 0.43017578125 0.01123046875 0.0556640625
0 0.24267578125 0.38134765625 0.025390625 0.0615234375
0 0.03955078125 0.3310546875 0.0537109375 0.171875
1 0.151123046875 0.49853515625 0.28369140625 0.3271484375
0 0.917724609375 0.3525390625 0.01611328125 0.041015625
1 0.845947265625 0.482421875 0.21337890625 0.2421875
0 0.812255859375 0.4912109375 0.06591796875 0.2109375
1 0.935791015625 0.53955078125 0.12451171875 0.3837890625
