1 0.57275390625 0.38818359375 0.013671875 0.0439453125
1 0.625 0.400390625 0.0517578125 0.048828125
1 0.62353515625 0.41357421875 0.048828125 0.0458984375
1 0.666015625 0.42724609375 0.0888671875 0.0576171875
1 0.835693359375 0.50390625 0.11181640625 0.181640625
1 0.918701171875 0.52490234375 0.15869140625 0.2509765625
1 0.482421875 0.38525390625 0.0595703125 0.0498046875
1 0.47607421875 0.40185546875 0.021484375 0.0341796875
1 0.4521484375 0.4052734375 0.0546875 0.0625
1 0.43017578125 0.41552734375 0.0849609375 0.0732421875
1 0.389404296875 0.4443359375 0.04931640625 0.09765625
1 0.364501953125 0.431640625 0.05419921875 0.080078125
1 0.365966796875 0.474609375 0.05029296875 0.078125
1 0.312255859375 0.453125 0.10986328125 0.142578125
1 0.305419921875 0.4482421875 0.08935546875 0.1171875
1 0.25146484375 0.427734375 0.1015625 0.078125
1 0.22021484375 0.47607421875 0.2021484375 0.1962890625
1 0.07275390625 0.47900390625 0.1484375 0.2646484375
0 0.597900390625 0.4423828125 0.02197265625 0.12890625
0 0.582275390625 0.44189453125 0.02392578125 0.1337890625
0 0.543212890625 0.44677734375 0.03076171875 0.1298828125
