0 0.8544921875 0.43310546875 0.0078125 0.0361328125
0 0.7734375 0.43212890625 0.0048828125 0.0361328125
0 0.707275390625 0.443359375 0.01904296875 0.091796875
0 0.92431640625 0.4921875 0.1201171875 0.48828125
0 0.253662109375 0.419921875 0.00341796875 0.025390625
0 0.23681640625 0.41796875 0.00390625 0.0234375
1 0.281494140625 0.4248046875 0.03173828125 0.04296875
1 0.2109375 0.41650390625 0.0380859375 0.0283203125
1 0.19482421875 0.416015625 0.0419921875 0.03125
0 0.173583984375 0.4169921875 0.00537109375 0.03515625
0 0.1357421875 0.41162109375 0.0068359375 0.0419921875
0 0.032470703125 0.4140625 0.00830078125 0.052734375
0 0.07080078125 0.42041015625 0.005859375 0.0380859375
0 0.04833984375 0.427734375 0.013671875 0.078125
0 0.102783203125 0.43115234375 0.02490234375 0.0888671875
0 0.108154296875 0.4482421875 0.01025390625 0.05078125
0 0.32861328125 0.435546875 0.017578125 0.091796875
0 0.520263671875 0.4404296875 0.01611328125 0.095703125
0 0.497802734375 0.44287109375 0.01708984375 0.0908203125
0 0.4833984375 0.44091796875 0.0263671875 0.1044921875
0 0.457275390625 0.43994140625 0.01025390625 0.0908203125
0 0.461669921875 0.44873046875 0.02099609375 0.0869140625
0 0.38671875 0.51708984375 0.0751953125 0.4482421875
