0 0.616943359375 0.451171875 0.00732421875 0.037109375
0 0.630859375 0.44189453125 0.0087890625 0.0341796875
0 0.7900390625 0.4072265625 0.0244140625 0.044921875
1 0.48095703125 0.46728515625 0.076171875 0.1240234375
1 0.37841796875 0.46923828125 0.033203125 0.1162109375
1 0.247802734375 0.46044921875 0.05419921875 0.1005859375
1 0.321533203125 0.48193359375 0.12060546875 0.1845703125
1 0.19189453125 0.45751953125 0.095703125 0.1416015625
1 0.02294921875 0.4384765625 0.03125 0.060546875
1 0.107177734375 0.47314453125 0.15771484375 0.1806640625
1 0.026123046875 0.49658203125 0.05517578125 0.2314453125
