1 0.555908203125 0.42138671875 0.01708984375 0.0458984375
1 0.73828125 0.41455078125 0.0400390625 0.0771484375
1 0.43212890625 0.41162109375 0.021484375 0.0322265625
1 0.426513671875 0.4189453125 0.02099609375 0.03515625
1 0.408935546875 0.423828125 0.03173828125 0.044921875
1 0.3642578125 0.41748046875 0.0322265625 0.0244140625
1 0.37548828125 0.42431640625 0.0810546875 0.0341796875
1 0.448974609375 0.4296875 0.02978515625 0.046875
1 0.479736328125 0.44189453125 0.03759765625 0.1064453125
1 0.4814453125 0.44921875 0.02734375 0.119140625
1 0.593017578125 0.43994140625 0.06787109375 0.1064453125
1 0.51708984375 0.458984375 0.09375 0.15625
1 0.6748046875 0.45458984375 0.12890625 0.1923828125
1 0.846435546875 0.53466796875 0.30126953125 0.3662109375
1 0.28857421875 0.44287109375 0.0654296875 0.0712890625
1 0.270263671875 0.4541015625 0.09130859375 0.09375
1 0.1376953125 0.42529296875 0.2783203125 0.3037109375
