1 0.478515625 0.4208984375 0.0205078125 0.056640625
1 0.458740234375 0.4208984375 0.04345703125 0.08203125
1 0.39794921875 0.45166015625 0.08203125 0.1259765625
1 0.124267578125 0.56640625 0.25146484375 0.470703125
1 0.580322265625 0.4248046875 0.03564453125 0.052734375
1 0.598876953125 0.43310546875 0.02587890625 0.0771484375
1 0.623046875 0.4365234375 0.0537109375 0.091796875
1 0.6435546875 0.44775390625 0.033203125 0.0966796875
1 0.7685546875 0.41064453125 0.0791015625 0.0556640625
1 0.783935546875 0.4521484375 0.12060546875 0.115234375
1 0.68994140625 0.46240234375 0.119140625 0.1591796875
0 0.68994140625 0.45703125 0.0400390625 0.220703125
1 0.93359375 0.5908203125 0.12890625 0.2734375
