0 0.02734375 0.44140625 0.0126953125 0.029296875
0 0.05322265625 0.44091796875 0.005859375 0.0263671875
1 0.132568359375 0.478515625 0.04833984375 0.068359375
1 0.201416015625 0.45654296875 0.05712890625 0.0380859375
1 0.248779296875 0.46533203125 0.07080078125 0.0615234375
1 0.298828125 0.47412109375 0.0400390625 0.0634765625
0 0.3212890625 0.47216796875 0.017578125 0.1103515625
1 0.3818359375 0.447265625 0.0615234375 0.037109375
0 0.44287109375 0.43994140625 0.013671875 0.0595703125
1 0.569580078125 0.43994140625 0.04443359375 0.0400390625
0 0.643310546875 0.4150390625 0.01416015625 0.021484375
1 0.643310546875 0.4501953125 0.02197265625 0.068359375
0 0.653076171875 0.46044921875 0.02099609375 0.0830078125
0 0.661865234375 0.45751953125 0.01611328125 0.0908203125
1 0.8349609375 0.447265625 0.0625 0.083984375
1 0.781005859375 0.4482421875 0.06787109375 0.08203125
1 0.72021484375 0.4453125 0.0654296875 0.083984375
1 0.872802734375 0.46826171875 0.09326171875 0.0634765625
0 0.82080078125 0.46728515625 0.0390625 0.1298828125
0 0.858154296875 0.462890625 0.03173828125 0.134765625
0 0.88720703125 0.4755859375 0.046875 0.140625
1 0.942626953125 0.4599609375 0.03662109375 0.10546875
1 0.96337890625 0.46044921875 0.0400390625 0.1181640625
1 0.981689453125 0.44873046875 0.03369140625 0.1083984375
1 0.98486328125 0.46484375 0.0263671875 0.103515625
1 0.988037109375 0.47998046875 0.02099609375 0.1181640625
0 0.635009765625 0.50537109375 0.12255859375 0.3857421875
