1 0.498291015625 0.51611328125 0.01513671875 0.0244140625
1 0.4248046875 0.49951171875 0.0341796875 0.0517578125
1 0.316650390625 0.49462890625 0.12158203125 0.0947265625
0 0.236083984375 0.47900390625 0.01806640625 0.0908203125
0 0.19140625 0.47900390625 0.015625 0.1005859375
1 0.56005859375 0.505859375 0.017578125 0.03515625
1 0.570068359375 0.50634765625 0.01611328125 0.0341796875
1 0.595947265625 0.5009765625 0.04736328125 0.056640625
1 0.619873046875 0.50341796875 0.02099609375 0.0556640625
1 0.645263671875 0.50439453125 0.05029296875 0.0712890625
1 0.651123046875 0.50927734375 0.03955078125 0.0732421875
1 0.68798828125 0.48974609375 0.060546875 0.0634765625
1 0.69580078125 0.5234375 0.078125 0.123046875
1 0.745361328125 0.53564453125 0.06591796875 0.1142578125
1 0.873046875 0.49072265625 0.25 0.3154296875
1 0.923828125 0.548828125 0.146484375 0.287109375
1 0.94873046875 0.57568359375 0.0986328125 0.2822265625
