1 0.461181640625 0.474609375 0.03857421875 0.04296875
1 0.525390625 0.49267578125 0.013671875 0.0302734375
1 0.509765625 0.482421875 0.0283203125 0.04296875
1 0.2578125 0.44384765625 0.0458984375 0.0595703125
1 0.35302734375 0.462890625 0.037109375 0.048828125
1 0.392333984375 0.44775390625 0.04833984375 0.0830078125
0 0.646484375 0.45947265625 0.01171875 0.0478515625
1 0.682373046875 0.482421875 0.09228515625 0.083984375
1 0.8701171875 0.484375 0.0947265625 0.099609375
1 0.96533203125 0.4697265625 0.0654296875 0.125
1 0.126708984375 0.466796875 0.15771484375 0.1796875
