1 0.421875 0.38916015625 0.01171875 0.0322265625
1 0.41650390625 0.40087890625 0.01953125 0.0283203125
1 0.394775390625 0.412109375 0.01708984375 0.0390625
1 0.412353515625 0.4228515625 0.03662109375 0.064453125
1 0.33154296875 0.4443359375 0.03515625 0.078125
1 0.30859375 0.45361328125 0.060546875 0.0927734375
1 0.18115234375 0.48681640625 0.119140625 0.1787109375
1 0.07861328125 0.5234375 0.16015625 0.271484375
1 0.938720703125 0.47216796875 0.06787109375 0.1005859375
1 0.45947265625 0.38037109375 0.04296875 0.0908203125
1 0.47314453125 0.3955078125 0.0439453125 0.017578125
1 0.447509765625 0.44873046875 0.02587890625 0.1005859375
1 0.483154296875 0.455078125 0.07470703125 0.126953125
1 0.712890625 0.4453125 0.095703125 0.1484375
1 0.79296875 0.44384765625 0.177734375 0.1591796875
