1 0.491455078125 0.4228515625 0.01806640625 0.03515625
1 0.497802734375 0.42724609375 0.02587890625 0.0400390625
1 0.376220703125 0.44580078125 0.02001953125 0.0458984375
1 0.354736328125 0.4501953125 0.04248046875 0.0859375
1 0.343017578125 0.46533203125 0.03271484375 0.0771484375
1 0.3173828125 0.47265625 0.044921875 0.091796875
1 0.399658203125 0.4638671875 0.06201171875 0.08984375
1 0.291015625 0.4833984375 0.0439453125 0.103515625
1 0.250732421875 0.490234375 0.07666015625 0.12890625
1 0.192626953125 0.50732421875 0.10009765625 0.1533203125
1 0.08935546875 0.548828125 0.1806640625 0.244140625
