1 0.84765625 0.44873046875 0.11328125 0.0849609375
0 0.826904296875 0.44873046875 0.01513671875 0.0927734375
1 0.993896484375 0.47119140625 0.00830078125 0.0458984375
1 0.570556640625 0.4296875 0.00927734375 0.013671875
1 0.577392578125 0.44482421875 0.01123046875 0.0322265625
1 0.589111328125 0.44970703125 0.02197265625 0.0458984375
1 0.5927734375 0.45703125 0.01171875 0.04296875
1 0.599609375 0.45751953125 0.0166015625 0.0478515625
1 0.615966796875 0.4580078125 0.03271484375 0.048828125
1 0.558837890625 0.4296875 0.00927734375 0.01171875
1 0.32958984375 0.47021484375 0.0322265625 0.1318359375
1 0.00537109375 0.46044921875 0.013671875 0.0224609375
1 0.008544921875 0.4677734375 0.02001953125 0.044921875
1 0.01611328125 0.47119140625 0.0322265625 0.0576171875
1 0.044677734375 0.47021484375 0.05419921875 0.0615234375
1 0.053955078125 0.515625 0.08349609375 0.17578125
1 0.38623046875 0.48583984375 0.1123046875 0.1748046875
1 0.185791015625 0.53857421875 0.29736328125 0.4013671875
