1 0.58447265625 0.33935546875 0.0048828125 0.0087890625
1 0.583984375 0.3515625 0.0048828125 0.0078125
1 0.576171875 0.35498046875 0.005859375 0.0107421875
1 0.586669921875 0.36181640625 0.00634765625 0.0126953125
1 0.56787109375 0.34033203125 0.0048828125 0.0068359375
1 0.55126953125 0.3466796875 0.0126953125 0.009765625
1 0.538818359375 0.3603515625 0.00732421875 0.015625
1 0.647216796875 0.3984375 0.02099609375 0.0234375
1 0.6162109375 0.39892578125 0.021484375 0.0205078125
1 0.59619140625 0.4013671875 0.02734375 0.0234375
1 0.503662109375 0.42919921875 0.00927734375 0.0283203125
1 0.523681640625 0.4208984375 0.03564453125 0.099609375
1 0.423583984375 0.45703125 0.04150390625 0.0703125
