1 0.438720703125 0.4365234375 0.01220703125 0.01953125
0 0.419921875 0.43505859375 0.00390625 0.0302734375
0 0.392822265625 0.43359375 0.00732421875 0.044921875
1 0.477783203125 0.43896484375 0.01611328125 0.0224609375
1 0.49267578125 0.43994140625 0.0185546875 0.0302734375
1 0.522216796875 0.44677734375 0.03857421875 0.0576171875
1 0.55859375 0.43994140625 0.01953125 0.0283203125
1 0.57861328125 0.4501953125 0.0234375 0.056640625
1 0.605712890625 0.4599609375 0.05615234375 0.080078125
1 0.67529296875 0.45166015625 0.0400390625 0.0732421875
1 0.68017578125 0.45654296875 0.0322265625 0.0771484375
1 0.7119140625 0.4580078125 0.0634765625 0.08984375
1 0.8486328125 0.47998046875 0.12890625 0.1591796875
1 0.451904296875 0.4404296875 0.01904296875 0.03125
1 0.308349609375 0.43212890625 0.10498046875 0.1826171875
