0 0.658935546875 0.4140625 0.00732421875 0.03515625
1 0.66162109375 0.42822265625 0.0185546875 0.0224609375
1 0.64892578125 0.4541015625 0.0361328125 0.056640625
1 0.34619140625 0.46240234375 0.05078125 0.1630859375
1 0.309326171875 0.49267578125 0.09716796875 0.2587890625
1 0.190185546875 0.52880859375 0.26513671875 0.3896484375
1 0.082763671875 0.5927734375 0.16748046875 0.5546875
1 0.700439453125 0.47998046875 0.10986328125 0.1689453125
1 0.822509765625 0.5107421875 0.22802734375 0.2421875
1 0.927978515625 0.56640625 0.14013671875 0.388671875
