1 0.087890625 0.44970703125 0.0595703125 0.0947265625
0 0.01611328125 0.43359375 0.017578125 0.0546875
1 0.047119140625 0.466796875 0.07275390625 0.103515625
0 0.092529296875 0.451171875 0.01416015625 0.099609375
1 0.012451171875 0.490234375 0.02783203125 0.126953125
1 0.16943359375 0.50732421875 0.1572265625 0.2314453125
0 0.5341796875 0.43896484375 0.0107421875 0.0341796875
0 0.430908203125 0.4365234375 0.01708984375 0.0390625
0 0.359130859375 0.4423828125 0.01220703125 0.03125
1 0.746826171875 0.44970703125 0.04345703125 0.0576171875
1 0.705322265625 0.44287109375 0.04345703125 0.0732421875
0 0.66748046875 0.4423828125 0.0087890625 0.052734375
0 0.65673828125 0.427734375 0.01171875 0.04296875
1 0.617431640625 0.45849609375 0.06787109375 0.0888671875
