1 0.4541015625 0.404296875 0.0048828125 0.0078125
1 0.457763671875 0.40478515625 0.00732421875 0.0126953125
1 0.46337890625 0.40478515625 0.01171875 0.0224609375
1 0.464111328125 0.408203125 0.01123046875 0.015625
1 0.468017578125 0.419921875 0.01513671875 0.037109375
1 0.477783203125 0.4013671875 0.02685546875 0.0625
1 0.477294921875 0.42529296875 0.02490234375 0.0458984375
1 0.48681640625 0.42822265625 0.0146484375 0.0498046875
1 0.494384765625 0.42919921875 0.01708984375 0.0517578125
1 0.497314453125 0.44873046875 0.02490234375 0.0908203125
1 0.50634765625 0.455078125 0.033203125 0.103515625
1 0.520263671875 0.46337890625 0.03076171875 0.1162109375
1 0.561279296875 0.4677734375 0.09716796875 0.181640625
1 0.6064453125 0.49365234375 0.146484375 0.2158203125
1 0.421142578125 0.4130859375 0.01220703125 0.03125
1 0.40771484375 0.4072265625 0.0263671875 0.0625
1 0.405517578125 0.42919921875 0.01611328125 0.0400390625
1 0.4013671875 0.43408203125 0.0107421875 0.0439453125
1 0.391845703125 0.4306640625 0.02490234375 0.072265625
1 0.376708984375 0.43701171875 0.03857421875 0.0830078125
1 0.3525390625 0.45703125 0.0517578125 0.099609375
1 0.34228515625 0.4716796875 0.033203125 0.111328125
1 0.30712890625 0.48046875 0.0830078125 0.146484375
1 0.2802734375 0.501953125 0.0517578125 0.201171875
1 0.441650390625 0.45166015625 0.06201171875 0.1005859375
0 0.873779296875 0.49072265625 0.08056640625 0.4638671875
0 0.934814453125 0.6064453125 0.05615234375 0.193359375
1 0.185791015625 0.49951171875 0.17431640625 0.3408203125
1 0.0966796875 0.6220703125 0.1953125 0.521484375
