1 0.370361328125 0.4150390625 0.01611328125 0.013671875
1 0.5361328125 0.4130859375 0.01953125 0.015625
1 0.41552734375 0.41552734375 0.0263671875 0.0283203125
1 0.525634765625 0.416015625 0.02099609375 0.04296875
1 0.39453125 0.42236328125 0.0302734375 0.0283203125
1 0.399169921875 0.43408203125 0.02294921875 0.0341796875
1 0.385986328125 0.435546875 0.02490234375 0.041015625
1 0.37109375 0.43896484375 0.0341796875 0.0439453125
1 0.36083984375 0.4404296875 0.0400390625 0.0546875
1 0.35546875 0.443359375 0.0302734375 0.0546875
1 0.340576171875 0.4423828125 0.02490234375 0.0703125
1 0.310302734375 0.4453125 0.07470703125 0.078125
1 0.2890625 0.45703125 0.0732421875 0.0703125
1 0.259521484375 0.45751953125 0.05029296875 0.0654296875
1 0.227783203125 0.46630859375 0.05126953125 0.1005859375
1 0.14990234375 0.466796875 0.134765625 0.140625
1 0.075927734375 0.48046875 0.15087890625 0.126953125
1 0.495849609375 0.423828125 0.02197265625 0.033203125
