0 0.811279296875 0.40625 0.02490234375 0.078125
1 0.60107421875 0.4296875 0.0341796875 0.05859375
1 0.599609375 0.443359375 0.0166015625 0.03515625
1 0.636962890625 0.42919921875 0.06494140625 0.0751953125
1 0.627685546875 0.43115234375 0.03662109375 0.0615234375
1 0.64404296875 0.43701171875 0.052734375 0.0771484375
1 0.64501953125 0.439453125 0.0380859375 0.078125
1 0.66015625 0.44384765625 0.0439453125 0.0908203125
1 0.70654296875 0.44921875 0.12109375 0.1015625
1 0.476318359375 0.41357421875 0.03173828125 0.0400390625
1 0.383056640625 0.42138671875 0.09619140625 0.1923828125
1 0.532470703125 0.49072265625 0.13623046875 0.2314453125
0 0.8935546875 0.517578125 0.0810546875 0.376953125
