0 0.502197265625 0.4169921875 0.00537109375 0.0234375
0 0.497802734375 0.41650390625 0.00439453125 0.0283203125
1 0.454833984375 0.4248046875 0.04833984375 0.029296875
1 0.4013671875 0.431640625 0.03125 0.052734375
1 0.395751953125 0.43359375 0.03173828125 0.052734375
1 0.376953125 0.42138671875 0.0302734375 0.0400390625
1 0.36083984375 0.43408203125 0.064453125 0.0576171875
1 0.326171875 0.44287109375 0.0576171875 0.0595703125
1 0.2783203125 0.44580078125 0.0791015625 0.0849609375
1 0.196533203125 0.4443359375 0.11474609375 0.0859375
1 0.5986328125 0.40966796875 0.025390625 0.0244140625
1 0.603271484375 0.41796875 0.01123046875 0.021484375
1 0.58056640625 0.43701171875 0.0322265625 0.0498046875
1 0.615966796875 0.4248046875 0.01806640625 0.03125
