1 0.177001953125 0.40380859375 0.02197265625 0.0185546875
1 0.212890625 0.40380859375 0.0185546875 0.0263671875
1 0.67236328125 0.36083984375 0.0302734375 0.0263671875
1 0.61376953125 0.37451171875 0.02734375 0.0224609375
1 0.56884765625 0.3876953125 0.03125 0.029296875
1 0.522705078125 0.4013671875 0.04150390625 0.03125
1 0.456298828125 0.41845703125 0.04541015625 0.0439453125
1 0.43359375 0.42236328125 0.0380859375 0.0439453125
1 0.593017578125 0.435546875 0.07373046875 0.083984375
1 0.59716796875 0.45263671875 0.0537109375 0.0947265625
1 0.640380859375 0.4521484375 0.07568359375 0.103515625
1 0.734375 0.45263671875 0.2041015625 0.1982421875
1 0.328125 0.44287109375 0.0625 0.0791015625
1 0.278564453125 0.4384765625 0.12841796875 0.111328125
1 0.249267578125 0.45166015625 0.11767578125 0.0947265625
1 0.002685546875 0.52001953125 0.00830078125 0.0830078125
0 0.083740234375 0.42236328125 0.02587890625 0.1337890625
0 0.38427734375 0.4677734375 0.0390625 0.259765625
0 0.371337890625 0.47509765625 0.08251953125 0.2744140625
