0 0.67724609375 0.42236328125 0.01953125 0.1142578125
0 0.646728515625 0.427734375 0.01708984375 0.11328125
0 0.659912109375 0.427734375 0.01708984375 0.11328125
0 0.6142578125 0.43798828125 0.01953125 0.1083984375
1 0.528076171875 0.43115234375 0.03662109375 0.0634765625
1 0.41162109375 0.42724609375 0.013671875 0.0478515625
1 0.390380859375 0.4228515625 0.02880859375 0.048828125
1 0.360595703125 0.43408203125 0.03662109375 0.0517578125
1 0.296142578125 0.46435546875 0.03759765625 0.0712890625
1 0.26318359375 0.47607421875 0.05859375 0.0947265625
1 0.194091796875 0.49658203125 0.12744140625 0.1455078125
1 0.445556640625 0.4189453125 0.06005859375 0.14453125
