1 0.712158203125 0.4130859375 0.06005859375 0.04296875
1 0.695556640625 0.43310546875 0.02587890625 0.0537109375
1 0.628173828125 0.45166015625 0.06298828125 0.0927734375
1 0.74951171875 0.49658203125 0.1611328125 0.1904296875
0 0.4423828125 0.42919921875 0.0048828125 0.0263671875
0 0.446044921875 0.43017578125 0.00439453125 0.0263671875
1 0.42529296875 0.43359375 0.0234375 0.033203125
1 0.409912109375 0.43408203125 0.02490234375 0.0380859375
1 0.402099609375 0.43408203125 0.01318359375 0.0380859375
1 0.39306640625 0.43505859375 0.0234375 0.0419921875
1 0.3642578125 0.44287109375 0.0556640625 0.0751953125
1 0.306640625 0.43701171875 0.0341796875 0.0517578125
0 0.163330078125 0.43603515625 0.02099609375 0.0927734375
0 0.18603515625 0.4169921875 0.0205078125 0.05859375
1 0.230224609375 0.49609375 0.18701171875 0.212890625
1 0.509521484375 0.451171875 0.05322265625 0.091796875
1 0.5595703125 0.43603515625 0.0263671875 0.0380859375
