1 0.41259765625 0.46044921875 0.0087890625 0.0205078125
1 0.40576171875 0.46142578125 0.013671875 0.0224609375
0 0.53857421875 0.45166015625 0.00390625 0.0185546875
0 0.720947265625 0.4462890625 0.01318359375 0.078125
0 0.688720703125 0.447265625 0.02392578125 0.08203125
0 0.857421875 0.44482421875 0.025390625 0.0947265625
0 0.99267578125 0.439453125 0.01171875 0.115234375
1 0.31982421875 0.46484375 0.029296875 0.048828125
1 0.296142578125 0.4697265625 0.03955078125 0.0546875
1 0.25634765625 0.47314453125 0.0556640625 0.0673828125
1 0.10302734375 0.48974609375 0.0732421875 0.0771484375
