1 0.428955078125 0.44921875 0.01123046875 0.02734375
1 0.438232421875 0.44677734375 0.01513671875 0.0263671875
1 0.510009765625 0.45068359375 0.03662109375 0.0576171875
1 0.517578125 0.45703125 0.021484375 0.056640625
1 0.53857421875 0.45263671875 0.0458984375 0.0771484375
1 0.462646484375 0.4521484375 0.04638671875 0.072265625
0 0.279052734375 0.4228515625 0.00537109375 0.01953125
1 0.339599609375 0.4482421875 0.01513671875 0.052734375
1 0.330078125 0.44873046875 0.0224609375 0.0595703125
1 0.298095703125 0.4443359375 0.05224609375 0.08203125
1 0.1591796875 0.4619140625 0.1064453125 0.13671875
1 0.049072265625 0.47509765625 0.10107421875 0.2294921875
