1 0.628173828125 0.34716796875 0.03271484375 0.0283203125
1 0.512939453125 0.37109375 0.04931640625 0.0390625
1 0.444580078125 0.38525390625 0.07470703125 0.0556640625
1 0.38232421875 0.396484375 0.0771484375 0.0703125
1 0.355712890625 0.39794921875 0.10595703125 0.0966796875
1 0.35498046875 0.408203125 0.0439453125 0.080078125
1 0.290771484375 0.40673828125 0.11279296875 0.1220703125
1 0.1767578125 0.4140625 0.1669921875 0.14453125
1 0.767333984375 0.45947265625 0.07373046875 0.1962890625
1 0.555419921875 0.38330078125 0.02783203125 0.0439453125
1 0.7158203125 0.4423828125 0.1279296875 0.162109375
1 0.75537109375 0.4541015625 0.048828125 0.171875
1 0.80615234375 0.46875 0.1337890625 0.234375
1 0.890380859375 0.48193359375 0.20263671875 0.2822265625
1 0.921142578125 0.51806640625 0.12255859375 0.2626953125
1 0.955078125 0.552734375 0.0859375 0.416015625
