1 0.751708984375 0.5 0.07861328125 0.181640625
0 0.475341796875 0.4716796875 0.03564453125 0.173828125
0 0.501953125 0.47705078125 0.0224609375 0.1728515625
0 0.518798828125 0.47900390625 0.03466796875 0.1806640625
0 0.55859375 0.48046875 0.025390625 0.1640625
0 0.5869140625 0.4853515625 0.04296875 0.251953125
0 0.606689453125 0.51220703125 0.01025390625 0.0478515625
0 0.591796875 0.4775390625 0.0693359375 0.279296875
0 0.643798828125 0.47412109375 0.02783203125 0.1259765625
0 0.620849609375 0.49072265625 0.02490234375 0.1455078125
1 0.03173828125 0.5869140625 0.06640625 0.365234375
