1 0.529541015625 0.40185546875 0.02099609375 0.0185546875
1 0.501953125 0.40576171875 0.0146484375 0.0263671875
0 0.498291015625 0.40478515625 0.00634765625 0.0283203125
1 0.5556640625 0.404296875 0.0283203125 0.021484375
1 0.582275390625 0.40380859375 0.01708984375 0.0283203125
1 0.610107421875 0.40234375 0.01806640625 0.02734375
0 0.642822265625 0.3955078125 0.00537109375 0.03125
0 0.638427734375 0.3984375 0.00732421875 0.0390625
1 0.765869140625 0.40576171875 0.04052734375 0.0556640625
1 0.770751953125 0.42138671875 0.02099609375 0.0419921875
1 0.728271484375 0.44482421875 0.07177734375 0.1064453125
0 0.009033203125 0.50390625 0.01904296875 0.123046875
0 0.055419921875 0.5048828125 0.02880859375 0.130859375
0 0.0283203125 0.482421875 0.0302734375 0.171875
