1 0.31640625 0.4013671875 0.0205078125 0.021484375
1 0.33837890625 0.40283203125 0.01953125 0.0205078125
1 0.236083984375 0.40625 0.04736328125 0.076171875
1 0.200927734375 0.4072265625 0.07080078125 0.080078125
1 0.147705078125 0.40283203125 0.07568359375 0.0830078125
1 0.080078125 0.3681640625 0.052734375 0.01953125
1 0.53466796875 0.40283203125 0.021484375 0.0224609375
1 0.5419921875 0.40673828125 0.0302734375 0.0263671875
1 0.625732421875 0.4033203125 0.00927734375 0.029296875
1 0.685302734375 0.423828125 0.02392578125 0.029296875
1 0.699462890625 0.42822265625 0.02587890625 0.0283203125
1 0.651611328125 0.42919921875 0.04541015625 0.0322265625
0 0.3720703125 0.4150390625 0.0126953125 0.048828125
0 0.719482421875 0.44384765625 0.03955078125 0.1904296875
1 0.089111328125 0.48193359375 0.17919921875 0.2333984375
1 0.39599609375 0.41748046875 0.0263671875 0.0400390625
1 0.603515625 0.4541015625 0.0146484375 0.05859375
1 0.57666015625 0.44140625 0.0615234375 0.10546875
1 0.515380859375 0.44091796875 0.03857421875 0.0751953125
1 0.475341796875 0.4326171875 0.06396484375 0.109375
