0 0.168212890625 0.50244140625 0.10595703125 0.3291015625
1 0.46142578125 0.37841796875 0.0205078125 0.0166015625
1 0.433837890625 0.3740234375 0.01806640625 0.01953125
1 0.41064453125 0.37646484375 0.0146484375 0.0166015625
1 0.417236328125 0.3876953125 0.01025390625 0.01953125
1 0.391845703125 0.38037109375 0.01318359375 0.0107421875
1 0.509521484375 0.38818359375 0.01904296875 0.0302734375
1 0.514404296875 0.392578125 0.01220703125 0.03125
1 0.401611328125 0.41796875 0.04052734375 0.080078125
1 0.383056640625 0.4365234375 0.04248046875 0.115234375
1 0.360595703125 0.451171875 0.05517578125 0.13671875
1 0.53564453125 0.396484375 0.0458984375 0.0703125
1 0.54443359375 0.423828125 0.0517578125 0.095703125
1 0.560546875 0.44580078125 0.0380859375 0.1337890625
1 0.613525390625 0.44384765625 0.11474609375 0.2080078125
1 0.661865234375 0.4921875 0.15673828125 0.201171875
1 0.297607421875 0.474609375 0.13232421875 0.203125
1 0.4609375 0.47998046875 0.1474609375 0.2177734375
