0 0.553466796875 0.31884765625 0.00439453125 0.0146484375
0 0.5595703125 0.31689453125 0.005859375 0.0185546875
0 0.541748046875 0.337890625 0.00732421875 0.02734375
0 0.53271484375 0.3505859375 0.0078125 0.033203125
0 0.52880859375 0.361328125 0.015625 0.056640625
0 0.53955078125 0.3623046875 0.009765625 0.0546875
1 0.65087890625 0.41064453125 0.05859375 0.1142578125
1 0.67578125 0.42138671875 0.091796875 0.1396484375
1 0.691650390625 0.455078125 0.10205078125 0.19140625
1 0.859375 0.4423828125 0.2802734375 0.486328125
1 0.5859375 0.32958984375 0.0302734375 0.0791015625
