1 0.298095703125 0.38330078125 0.02978515625 0.0322265625
1 0.374755859375 0.39111328125 0.02783203125 0.0322265625
1 0.768310546875 0.4130859375 0.03369140625 0.02734375
1 0.737060546875 0.4326171875 0.07177734375 0.0703125
1 0.81689453125 0.4169921875 0.12890625 0.0859375
1 0.850341796875 0.412109375 0.07763671875 0.08203125
1 0.92333984375 0.408203125 0.1513671875 0.111328125
0 0.798828125 0.45166015625 0.04296875 0.2568359375
1 0.23046875 0.3994140625 0.01953125 0.044921875
0 0.19873046875 0.4169921875 0.0068359375 0.025390625
1 0.337158203125 0.39794921875 0.02197265625 0.0322265625
1 0.34814453125 0.41259765625 0.0263671875 0.0380859375
1 0.3798828125 0.42236328125 0.033203125 0.0439453125
1 0.413818359375 0.42724609375 0.03759765625 0.0517578125
1 0.4599609375 0.4375 0.0380859375 0.064453125
1 0.497802734375 0.44140625 0.06396484375 0.125
1 0.08349609375 0.50634765625 0.16796875 0.2880859375
