1 0.43798828125 0.37548828125 0.0107421875 0.0146484375
1 0.446533203125 0.37646484375 0.00927734375 0.0146484375
1 0.45556640625 0.37646484375 0.0126953125 0.0146484375
1 0.4658203125 0.3798828125 0.01171875 0.015625
1 0.435791015625 0.3818359375 0.01123046875 0.025390625
0 0.02197265625 0.34765625 0.015625 0.056640625
0 0.420654296875 0.41015625 0.00830078125 0.041015625
0 0.39111328125 0.3935546875 0.0078125 0.0390625
1 0.536376953125 0.39404296875 0.01220703125 0.0185546875
1 0.527587890625 0.39404296875 0.01220703125 0.0185546875
1 0.520263671875 0.39111328125 0.01220703125 0.0107421875
1 0.51806640625 0.39892578125 0.013671875 0.0205078125
0 0.92578125 0.4013671875 0.0498046875 0.126953125
1 0.4912109375 0.40283203125 0.015625 0.0263671875
1 0.4873046875 0.41845703125 0.017578125 0.0302734375
1 0.478759765625 0.439453125 0.03271484375 0.056640625
1 0.3857421875 0.4404296875 0.0478515625 0.068359375
1 0.271728515625 0.45458984375 0.09716796875 0.1240234375
1 0.0830078125 0.5029296875 0.1669921875 0.275390625
