1 0.79052734375 0.47216796875 0.037109375 0.0361328125
1 0.511474609375 0.4814453125 0.08935546875 0.08984375
1 0.330810546875 0.474609375 0.01123046875 0.021484375
1 0.318359375 0.49609375 0.03125 0.052734375
0 0.059814453125 0.5927734375 0.12060546875 0.73828125
0 0.443115234375 0.5341796875 0.13525390625 0.5234375
0 0.507080078125 0.6884765625 0.01806640625 0.025390625
0 0.4697265625 0.51953125 0.1640625 0.630859375
0 0.384765625 0.56982421875 0.1123046875 0.8056640625
0 0.902587890625 0.60498046875 0.18408203125 0.7685546875
