1 0.553955078125 0.4296875 0.03369140625 0.02734375
1 0.46142578125 0.43408203125 0.01171875 0.0302734375
1 0.470703125 0.431640625 0.0234375 0.041015625
1 0.428466796875 0.45556640625 0.05810546875 0.0888671875
0 0.6083984375 0.4345703125 0.01953125 0.1171875
0 0.6103515625 0.4345703125 0.0283203125 0.1328125
0 0.633056640625 0.427734375 0.02099609375 0.125
0 0.65478515625 0.4228515625 0.0126953125 0.115234375
0 0.665283203125 0.427734375 0.01806640625 0.12890625
0 0.65185546875 0.4326171875 0.0263671875 0.1328125
0 0.6796875 0.4375 0.0390625 0.19140625
0 0.721435546875 0.42822265625 0.03564453125 0.1943359375
