1 0.575439453125 0.37646484375 0.05712890625 0.1162109375
0 0.48046875 0.38818359375 0.0087890625 0.0537109375
0 0.497802734375 0.40380859375 0.01708984375 0.0849609375
1 0.742431640625 0.36962890625 0.27685546875 0.4345703125
0 0.287109375 0.447265625 0.0869140625 0.4375
1 0.950439453125 0.58544921875 0.09814453125 0.3779296875
1 0.5322265625 0.40087890625 0.046875 0.0986328125
0 0.517578125 0.412109375 0.015625 0.0859375
0 0.537841796875 0.4140625 0.01611328125 0.08203125
0 0.565673828125 0.44677734375 0.03857421875 0.2353515625
0 0.606201171875 0.4501953125 0.04443359375 0.22265625
