0 0.42431640625 0.43359375 0.01171875 0.0390625
0 0.4609375 0.42822265625 0.01171875 0.0615234375
0 0.35400390625 0.4384765625 0.0234375 0.134765625
0 0.324462890625 0.46240234375 0.02197265625 0.0888671875
0 0.30322265625 0.42724609375 0.0302734375 0.1591796875
0 0.2763671875 0.44189453125 0.0341796875 0.1826171875
0 0.224853515625 0.4423828125 0.03857421875 0.19921875
0 0.04248046875 0.50244140625 0.0859375 0.4248046875
0 0.585205078125 0.41748046875 0.00634765625 0.0341796875
0 0.591064453125 0.416015625 0.00732421875 0.037109375
1 0.5478515625 0.41943359375 0.0146484375 0.0302734375
1 0.55615234375 0.43212890625 0.0302734375 0.0576171875
1 0.673828125 0.44482421875 0.0732421875 0.0537109375
1 0.778564453125 0.52294921875 0.21923828125 0.2880859375
1 0.8994140625 0.66455078125 0.2001953125 0.6689453125
1 0.4892578125 0.4326171875 0.03125 0.044921875
