1 0.323974609375 0.42822265625 0.01611328125 0.0283203125
1 0.33251953125 0.43798828125 0.01171875 0.0400390625
1 0.29541015625 0.4267578125 0.0185546875 0.0234375
1 0.282470703125 0.427734375 0.01611328125 0.025390625
1 0.239990234375 0.4453125 0.05224609375 0.0546875
1 0.241455078125 0.44677734375 0.03173828125 0.0576171875
1 0.23681640625 0.45361328125 0.0341796875 0.0654296875
1 0.236328125 0.4609375 0.029296875 0.068359375
1 0.22607421875 0.46484375 0.0283203125 0.078125
1 0.21728515625 0.46728515625 0.033203125 0.0869140625
1 0.18798828125 0.474609375 0.0517578125 0.119140625
1 0.15478515625 0.48583984375 0.056640625 0.1630859375
1 0.070068359375 0.48779296875 0.14111328125 0.2373046875
1 0.421142578125 0.4248046875 0.04443359375 0.048828125
1 0.400390625 0.45849609375 0.083984375 0.0908203125
1 0.505615234375 0.52880859375 0.20556640625 0.2939453125
1 0.34423828125 0.4970703125 0.0126953125 0.044921875
