0 0.478515625 0.390625 0.0048828125 0.02734375
1 0.470703125 0.3955078125 0.0107421875 0.02734375
1 0.46435546875 0.39501953125 0.0107421875 0.0361328125
1 0.453369140625 0.39453125 0.02490234375 0.0390625
0 0.424072265625 0.376953125 0.00927734375 0.015625
1 0.4287109375 0.40087890625 0.033203125 0.0478515625
0 0.37353515625 0.3828125 0.009765625 0.033203125
0 0.35693359375 0.37890625 0.0087890625 0.025390625
1 0.881591796875 0.42626953125 0.11767578125 0.1044921875
0 0.304443359375 0.376953125 0.00830078125 0.0390625
0 0.298095703125 0.3828125 0.00927734375 0.03125
0 0.25634765625 0.3828125 0.009765625 0.048828125
0 0.246826171875 0.38623046875 0.01513671875 0.0458984375
0 0.236083984375 0.38720703125 0.02001953125 0.0478515625
0 0.19580078125 0.38623046875 0.01171875 0.0634765625
1 0.396484375 0.44091796875 0.0595703125 0.1025390625
1 0.338623046875 0.46923828125 0.11669921875 0.1748046875
