1 0.630615234375 0.43115234375 0.02685546875 0.0439453125
1 0.566162109375 0.4208984375 0.00732421875 0.025390625
1 0.561767578125 0.4208984375 0.00830078125 0.02734375
1 0.555419921875 0.42041015625 0.01318359375 0.0302734375
1 0.550048828125 0.42236328125 0.01513671875 0.0302734375
1 0.547119140625 0.42626953125 0.01123046875 0.0322265625
1 0.541015625 0.4267578125 0.01171875 0.03515625
1 0.534423828125 0.42626953125 0.01025390625 0.0380859375
1 0.51171875 0.41064453125 0.041015625 0.0888671875
1 0.50927734375 0.43310546875 0.0166015625 0.0517578125
1 0.49951171875 0.435546875 0.01953125 0.056640625
1 0.488525390625 0.43701171875 0.01904296875 0.0673828125
1 0.476806640625 0.44189453125 0.02880859375 0.0751953125
1 0.464111328125 0.44580078125 0.02490234375 0.0849609375
1 0.435302734375 0.453125 0.06591796875 0.099609375
1 0.33544921875 0.4560546875 0.1279296875 0.158203125
0 0.771728515625 0.44287109375 0.02099609375 0.1142578125
1 0.71240234375 0.47216796875 0.1025390625 0.1748046875
1 0.953857421875 0.6875 0.09033203125 0.419921875
