1 0.494384765625 0.4150390625 0.02587890625 0.046875
1 0.473876953125 0.42236328125 0.03173828125 0.0556640625
1 0.528564453125 0.41845703125 0.01611328125 0.0302734375
1 0.569091796875 0.43603515625 0.01611328125 0.0654296875
1 0.580078125 0.43603515625 0.0205078125 0.0732421875
1 0.583740234375 0.44482421875 0.01904296875 0.0751953125
1 0.598876953125 0.443359375 0.03466796875 0.095703125
1 0.621337890625 0.44775390625 0.05126953125 0.1123046875
1 0.626708984375 0.4609375 0.03759765625 0.126953125
1 0.675537109375 0.47119140625 0.11669921875 0.1884765625
1 0.809326171875 0.50390625 0.23291015625 0.33203125
1 0.921142578125 0.5673828125 0.15673828125 0.48828125
