1 0.534912109375 0.42578125 0.01318359375 0.02734375
0 0.419189453125 0.42724609375 0.00732421875 0.0419921875
0 0.42529296875 0.42578125 0.0068359375 0.048828125
0 0.432861328125 0.4267578125 0.00830078125 0.0546875
0 0.38525390625 0.43115234375 0.0126953125 0.0673828125
1 0.45556640625 0.44580078125 0.048828125 0.0712890625
0 0.22705078125 0.4296875 0.0390625 0.193359375
1 0.566162109375 0.44921875 0.03173828125 0.076171875
1 0.576416015625 0.4521484375 0.02783203125 0.091796875
1 0.59423828125 0.4521484375 0.046875 0.12109375
1 0.63720703125 0.46240234375 0.0986328125 0.1455078125
1 0.75634765625 0.52392578125 0.1748046875 0.2939453125
1 0.881103515625 0.60791015625 0.23681640625 0.5712890625
