0 0.46923828125 0.32421875 0.005859375 0.0234375
0 0.44970703125 0.3330078125 0.0107421875 0.048828125
0 0.432373046875 0.37451171875 0.01904296875 0.0771484375
0 0.490234375 0.36328125 0.0126953125 0.0703125
0 0.460205078125 0.3681640625 0.01611328125 0.080078125
0 0.40185546875 0.37548828125 0.013671875 0.0224609375
0 0.3193359375 0.34228515625 0.009765625 0.0380859375
0 0.287109375 0.37841796875 0.0107421875 0.0615234375
0 0.2802734375 0.3935546875 0.0078125 0.033203125
0 0.387939453125 0.3779296875 0.01513671875 0.03515625
0 0.361083984375 0.39892578125 0.01904296875 0.1123046875
0 0.31982421875 0.427734375 0.0322265625 0.173828125
0 0.3427734375 0.42919921875 0.03125 0.1728515625
0 0.263427734375 0.423828125 0.03271484375 0.1640625
1 0.530517578125 0.365234375 0.03466796875 0.060546875
1 0.5703125 0.34130859375 0.0234375 0.0244140625
1 0.57373046875 0.37646484375 0.0673828125 0.0751953125
1 0.6494140625 0.31787109375 0.044921875 0.0458984375
0 0.652099609375 0.33642578125 0.00830078125 0.0419921875
0 0.657958984375 0.33544921875 0.00927734375 0.0419921875
0 0.7236328125 0.39404296875 0.025390625 0.1513671875
0 0.768310546875 0.4013671875 0.03271484375 0.193359375
0 0.752197265625 0.40576171875 0.04150390625 0.2099609375
0 0.706787109375 0.41796875 0.03564453125 0.19921875
