1 0.59912109375 0.4853515625 0.0205078125 0.013671875
0 0.29248046875 0.44873046875 0.015625 0.0947265625
0 0.35107421875 0.45556640625 0.01171875 0.0634765625
0 0.266845703125 0.4453125 0.01416015625 0.1015625
0 0.242919921875 0.41162109375 0.01513671875 0.0478515625
0 0.250732421875 0.44091796875 0.01318359375 0.0810546875
0 0.392333984375 0.45751953125 0.01025390625 0.0595703125
0 0.4052734375 0.4599609375 0.009765625 0.056640625
1 0.530029296875 0.44873046875 0.06494140625 0.1318359375
1 0.557861328125 0.451171875 0.00927734375 0.029296875
