1 0.375 0.32275390625 0.015625 0.0185546875
1 0.3828125 0.3388671875 0.01953125 0.0390625
1 0.40185546875 0.359375 0.0302734375 0.052734375
0 0.404052734375 0.35693359375 0.01513671875 0.0458984375
0 0.421142578125 0.36279296875 0.01416015625 0.0419921875
1 0.3896484375 0.37744140625 0.03515625 0.0439453125
1 0.360107421875 0.376953125 0.04833984375 0.0625
1 0.339599609375 0.380859375 0.04736328125 0.068359375
1 0.298828125 0.38330078125 0.06640625 0.0751953125
1 0.256103515625 0.384765625 0.09326171875 0.072265625
0 0.313720703125 0.37841796875 0.01416015625 0.0908203125
0 0.19091796875 0.4287109375 0.0439453125 0.251953125
1 0.60107421875 0.396484375 0.0478515625 0.060546875
1 0.610595703125 0.375 0.03271484375 0.048828125
1 0.69580078125 0.38916015625 0.041015625 0.0537109375
1 0.5693359375 0.39404296875 0.0390625 0.0615234375
1 0.55615234375 0.396484375 0.033203125 0.0625
1 0.53955078125 0.3984375 0.0439453125 0.0703125
1 0.513427734375 0.4033203125 0.06396484375 0.083984375
1 0.458740234375 0.40966796875 0.12939453125 0.0947265625
1 0.591064453125 0.39697265625 0.03369140625 0.0693359375
1 0.747314453125 0.50390625 0.16259765625 0.259765625
1 0.864013671875 0.578125 0.27099609375 0.37109375
