1 0.471923828125 0.3447265625 0.01513671875 0.025390625
1 0.468994140625 0.36767578125 0.02001953125 0.0322265625
1 0.463623046875 0.38330078125 0.02099609375 0.0380859375
1 0.4599609375 0.39892578125 0.0234375 0.0478515625
1 0.456787109375 0.41259765625 0.02490234375 0.0439453125
1 0.451171875 0.42333984375 0.0263671875 0.0458984375
1 0.44873046875 0.4326171875 0.0283203125 0.056640625
1 0.428955078125 0.443359375 0.03173828125 0.0703125
1 0.416015625 0.4482421875 0.01953125 0.083984375
1 0.404296875 0.447265625 0.029296875 0.095703125
1 0.38818359375 0.44873046875 0.03125 0.1201171875
1 0.33935546875 0.4599609375 0.107421875 0.158203125
1 0.19287109375 0.5029296875 0.1708984375 0.32421875
1 0.080810546875 0.5302734375 0.16259765625 0.619140625
1 0.509765625 0.34228515625 0.0146484375 0.0185546875
1 0.5244140625 0.349609375 0.0166015625 0.0234375
1 0.529052734375 0.3662109375 0.01904296875 0.03125
1 0.538330078125 0.39208984375 0.02294921875 0.0400390625
1 0.544677734375 0.4052734375 0.02392578125 0.03125
1 0.546875 0.427734375 0.0244140625 0.0625
1 0.567138671875 0.43310546875 0.04638671875 0.0791015625
1 0.611083984375 0.4384765625 0.06494140625 0.138671875
1 0.638916015625 0.458984375 0.07666015625 0.171875
1 0.7041015625 0.47265625 0.1259765625 0.220703125
1 0.84765625 0.50830078125 0.3037109375 0.3857421875
