1 0.5224609375 0.36767578125 0.017578125 0.0341796875
1 0.501953125 0.37158203125 0.025390625 0.0302734375
1 0.518310546875 0.38232421875 0.02880859375 0.0322265625
1 0.465576171875 0.38037109375 0.01220703125 0.0322265625
1 0.48974609375 0.404296875 0.02734375 0.041015625
1 0.563232421875 0.42529296875 0.04833984375 0.0615234375
0 0.376220703125 0.412109375 0.01806640625 0.08203125
0 0.392333984375 0.41357421875 0.01806640625 0.0869140625
0 0.413330078125 0.3984375 0.00732421875 0.044921875
0 0.407470703125 0.4111328125 0.01220703125 0.08203125
0 0.063232421875 0.46826171875 0.02783203125 0.1337890625
0 0.0400390625 0.46435546875 0.03125 0.1455078125
0 0.1416015625 0.43017578125 0.0205078125 0.1201171875
0 0.17236328125 0.43359375 0.0224609375 0.111328125
