1 0.805908203125 0.40771484375 0.03076171875 0.0205078125
1 0.71337890625 0.41064453125 0.0380859375 0.0439453125
1 0.765625 0.416015625 0.025390625 0.041015625
1 0.741943359375 0.4140625 0.03564453125 0.05078125
1 0.783203125 0.4189453125 0.025390625 0.04296875
0 0.798828125 0.39990234375 0.0048828125 0.0185546875
0 0.793212890625 0.4013671875 0.00537109375 0.01953125
1 0.83203125 0.4296875 0.02734375 0.0625
1 0.805908203125 0.43310546875 0.04833984375 0.0634765625
1 0.314453125 0.41162109375 0.0791015625 0.0888671875
1 0.037109375 0.4189453125 0.0751953125 0.13671875
1 0.112060546875 0.435546875 0.20361328125 0.166015625
1 0.39111328125 0.447265625 0.123046875 0.126953125
1 0.2470703125 0.455078125 0.1787109375 0.169921875
0 0.384765625 0.57666015625 0.033203125 0.0654296875
0 0.361083984375 0.4853515625 0.08447265625 0.380859375
0 0.59375 0.48681640625 0.05078125 0.3369140625
0 0.567626953125 0.48486328125 0.06201171875 0.3759765625
