0 0.3466796875 0.4482421875 0.0322265625 0.181640625
0 0.491455078125 0.43359375 0.01318359375 0.05859375
1 0.518798828125 0.44677734375 0.05029296875 0.0673828125
1 0.5517578125 0.44921875 0.0556640625 0.078125
1 0.582763671875 0.45263671875 0.05322265625 0.0947265625
1 0.635009765625 0.44921875 0.09130859375 0.138671875
1 0.683349609375 0.47216796875 0.10791015625 0.1513671875
0 0.916015625 0.39697265625 0.03125 0.1201171875
1 0.822265625 0.5283203125 0.2314453125 0.306640625
1 0.941650390625 0.59375 0.11572265625 0.568359375
1 0.460205078125 0.4384765625 0.03271484375 0.046875
