0 0.4501953125 0.47412109375 0.01171875 0.0654296875
0 0.43994140625 0.478515625 0.0107421875 0.060546875
0 0.40966796875 0.4658203125 0.0205078125 0.103515625
0 0.020751953125 0.58349609375 0.04248046875 0.3720703125
0 0.152587890625 0.45556640625 0.04345703125 0.2099609375
0 0.5009765625 0.44482421875 0.0048828125 0.0283203125
0 0.50732421875 0.443359375 0.0048828125 0.02734375
0 0.51220703125 0.44482421875 0.0048828125 0.0283203125
1 0.541748046875 0.45166015625 0.01708984375 0.0263671875
0 0.555419921875 0.47314453125 0.01416015625 0.0693359375
0 0.630859375 0.45166015625 0.0341796875 0.1650390625
0 0.675048828125 0.45361328125 0.03955078125 0.1572265625
