1 0.85400390625 0.42138671875 0.046875 0.0791015625
1 0.745849609375 0.427734375 0.03466796875 0.060546875
0 0.755126953125 0.42041015625 0.01513671875 0.0810546875
0 0.77001953125 0.42626953125 0.0146484375 0.0771484375
0 0.794677734375 0.41943359375 0.02490234375 0.0888671875
0 0.71875 0.4228515625 0.01171875 0.07421875
0 0.7255859375 0.416015625 0.015625 0.107421875
1 0.919677734375 0.423828125 0.15966796875 0.255859375
0 0.493408203125 0.4228515625 0.00830078125 0.060546875
1 0.587158203125 0.419921875 0.02490234375 0.029296875
1 0.596435546875 0.4287109375 0.02294921875 0.041015625
0 0.57470703125 0.42138671875 0.0078125 0.0341796875
1 0.619384765625 0.42431640625 0.03564453125 0.0673828125
1 0.529052734375 0.44580078125 0.07080078125 0.1005859375
1 0.354736328125 0.4609375 0.09619140625 0.125
