0 0.39990234375 0.3974609375 0.0068359375 0.01953125
0 0.410400390625 0.4052734375 0.00830078125 0.021484375
1 0.392333984375 0.41162109375 0.01708984375 0.0244140625
1 0.3798828125 0.4091796875 0.017578125 0.033203125
1 0.517578125 0.39453125 0.0166015625 0.029296875
1 0.486328125 0.408203125 0.0205078125 0.029296875
1 0.47900390625 0.4111328125 0.017578125 0.029296875
1 0.473388671875 0.41064453125 0.01416015625 0.0302734375
1 0.46044921875 0.4130859375 0.029296875 0.03125
1 0.435791015625 0.4208984375 0.05810546875 0.037109375
1 0.5166015625 0.44091796875 0.0224609375 0.0693359375
1 0.528564453125 0.4453125 0.03369140625 0.08203125
1 0.54296875 0.44921875 0.029296875 0.095703125
1 0.557861328125 0.45654296875 0.04541015625 0.1240234375
1 0.57861328125 0.45849609375 0.0556640625 0.1376953125
1 0.6533203125 0.49560546875 0.171875 0.2294921875
1 0.856201171875 0.60888671875 0.28662109375 0.5341796875
1 0.965576171875 0.79443359375 0.06787109375 0.4091796875
0 0.08251953125 0.533203125 0.029296875 0.14453125
0 0.0576171875 0.548828125 0.048828125 0.212890625
0 0.0185546875 0.525390625 0.0380859375 0.2734375
