0 0.617431640625 0.4150390625 0.02294921875 0.11328125
0 0.661865234375 0.41943359375 0.02587890625 0.1396484375
0 0.68359375 0.42236328125 0.0244140625 0.1298828125
1 0.5693359375 0.4228515625 0.0498046875 0.05078125
0 0.548828125 0.41845703125 0.009765625 0.0693359375
0 0.58837890625 0.42236328125 0.01171875 0.0673828125
0 0.57958984375 0.42529296875 0.01171875 0.0849609375
0 0.46923828125 0.42919921875 0.0126953125 0.0517578125
0 0.412353515625 0.43408203125 0.02001953125 0.0810546875
0 0.40087890625 0.427734375 0.01171875 0.072265625
0 0.264404296875 0.40771484375 0.02294921875 0.0634765625
1 0.38818359375 0.44189453125 0.0517578125 0.1044921875
1 0.516357421875 0.45166015625 0.09033203125 0.1376953125
1 0.22119140625 0.44384765625 0.1220703125 0.1044921875
1 0.319091796875 0.48095703125 0.13525390625 0.1845703125
