0 0.45263671875 0.4208984375 0.00390625 0.015625
1 0.53369140625 0.41943359375 0.0146484375 0.0205078125
1 0.953125 0.45361328125 0.0927734375 0.1123046875
0 0.320068359375 0.4365234375 0.00634765625 0.0234375
0 0.301513671875 0.43701171875 0.00537109375 0.0185546875
1 0.486328125 0.42578125 0.01171875 0.015625
1 0.496337890625 0.4296875 0.01318359375 0.021484375
1 0.5166015625 0.4248046875 0.013671875 0.01953125
1 0.507568359375 0.4423828125 0.01806640625 0.029296875
1 0.468505859375 0.44091796875 0.01513671875 0.0361328125
1 0.42578125 0.45068359375 0.0263671875 0.0517578125
1 0.44970703125 0.4609375 0.0458984375 0.072265625
1 0.377197265625 0.46044921875 0.05615234375 0.0810546875
1 0.294921875 0.4931640625 0.0751953125 0.109375
1 0.07421875 0.5517578125 0.1494140625 0.2578125
