0 0.990234375 0.4736328125 0.0185546875 0.203125
1 0.626953125 0.3857421875 0.0224609375 0.033203125
1 0.64306640625 0.38916015625 0.01953125 0.0361328125
0 0.162841796875 0.4599609375 0.03076171875 0.158203125
0 0.18115234375 0.47802734375 0.021484375 0.1064453125
1 0.487548828125 0.40673828125 0.05029296875 0.0986328125
1 0.536865234375 0.39404296875 0.03271484375 0.0322265625
1 0.553955078125 0.42724609375 0.04052734375 0.0712890625
1 0.420654296875 0.40771484375 0.09716796875 0.1474609375
1 0.519775390625 0.4365234375 0.06103515625 0.083984375
1 0.338623046875 0.4677734375 0.10107421875 0.1171875
1 0.4384765625 0.4609375 0.0927734375 0.126953125
