1 0.47705078125 0.46826171875 0.0078125 0.0419921875
1 0.49853515625 0.45849609375 0.01171875 0.0595703125
1 0.498046875 0.4560546875 0.0166015625 0.0625
1 0.4501953125 0.458984375 0.0556640625 0.078125
0 0.357177734375 0.4443359375 0.01318359375 0.08203125
0 0.37255859375 0.4462890625 0.0166015625 0.080078125
0 0.390625 0.44580078125 0.0146484375 0.0810546875
0 0.2744140625 0.44140625 0.0283203125 0.150390625
0 0.317626953125 0.44140625 0.01904296875 0.1484375
0 0.299560546875 0.4423828125 0.02783203125 0.142578125
0 0.326416015625 0.4384765625 0.02294921875 0.15625
0 0.15478515625 0.47119140625 0.03125 0.1474609375
0 0.169677734375 0.44287109375 0.06298828125 0.2041015625
0 0.16748046875 0.4814453125 0.03515625 0.12890625
1 0.50634765625 0.4560546875 0.01953125 0.0703125
1 0.51416015625 0.455078125 0.017578125 0.078125
1 0.54052734375 0.44677734375 0.0537109375 0.1044921875
1 0.54541015625 0.45458984375 0.0361328125 0.1044921875
1 0.564453125 0.458984375 0.052734375 0.12890625
1 0.601318359375 0.45361328125 0.06494140625 0.1494140625
1 0.63671875 0.47216796875 0.095703125 0.2001953125
1 0.756591796875 0.484375 0.23681640625 0.33203125
1 0.896484375 0.623046875 0.2060546875 0.6015625
