1 0.443603515625 0.27978515625 0.00537109375 0.0068359375
1 0.449462890625 0.2841796875 0.00830078125 0.013671875
1 0.45458984375 0.30322265625 0.0078125 0.0126953125
0 0.488037109375 0.30517578125 0.00341796875 0.0205078125
0 0.505126953125 0.32177734375 0.00439453125 0.0361328125
0 0.49755859375 0.3271484375 0.0087890625 0.046875
1 0.55908203125 0.35400390625 0.0419921875 0.0634765625
0 0.5234375 0.349609375 0.0166015625 0.076171875
0 0.708251953125 0.390625 0.02783203125 0.09375
0 0.73974609375 0.40673828125 0.0458984375 0.1220703125
0 0.77978515625 0.3837890625 0.025390625 0.083984375
0 0.776123046875 0.37255859375 0.01220703125 0.0478515625
0 0.8408203125 0.4326171875 0.0400390625 0.1484375
0 0.8876953125 0.43115234375 0.041015625 0.1591796875
0 0.3203125 0.39697265625 0.0537109375 0.1181640625
0 0.276123046875 0.41455078125 0.05419921875 0.2919921875
0 0.325927734375 0.42041015625 0.05419921875 0.2685546875
0 0.384521484375 0.4267578125 0.06005859375 0.28515625
