0 0.5927734375 0.42236328125 0.0048828125 0.0244140625
1 0.544189453125 0.431640625 0.01806640625 0.02734375
1 0.560302734375 0.43115234375 0.02587890625 0.0478515625
0 0.609375 0.4248046875 0.009765625 0.033203125
0 0.7734375 0.42578125 0.0166015625 0.068359375
0 0.23974609375 0.43994140625 0.0126953125 0.0947265625
0 0.1943359375 0.4404296875 0.0205078125 0.076171875
0 0.13232421875 0.43212890625 0.01953125 0.0791015625
0 0.10595703125 0.4326171875 0.021484375 0.08203125
0 0.310546875 0.4482421875 0.015625 0.107421875
