1 0.333740234375 0.44677734375 0.04248046875 0.0791015625
1 0.2900390625 0.44921875 0.0634765625 0.109375
1 0.24951171875 0.4638671875 0.060546875 0.11328125
1 0.1806640625 0.4677734375 0.1201171875 0.146484375
1 0.457275390625 0.42333984375 0.02001953125 0.0263671875
1 0.58642578125 0.41064453125 0.01953125 0.0166015625
1 0.613525390625 0.4072265625 0.02490234375 0.013671875
1 0.63037109375 0.39990234375 0.013671875 0.0263671875
1 0.6298828125 0.40869140625 0.017578125 0.0146484375
1 0.669677734375 0.40185546875 0.07080078125 0.0322265625
1 0.697021484375 0.42138671875 0.05029296875 0.0439453125
1 0.583984375 0.43994140625 0.029296875 0.0693359375
1 0.60546875 0.4453125 0.044921875 0.08203125
1 0.6484375 0.45849609375 0.078125 0.1025390625
1 0.76123046875 0.48095703125 0.1455078125 0.2080078125
1 0.466064453125 0.43017578125 0.00927734375 0.0322265625
1 0.0517578125 0.50634765625 0.1044921875 0.2294921875
