0 0.50341796875 0.43798828125 0.0107421875 0.0654296875
0 0.43212890625 0.43603515625 0.0078125 0.0712890625
0 0.419677734375 0.4609375 0.03271484375 0.150390625
0 0.341064453125 0.4609375 0.02001953125 0.091796875
0 0.157470703125 0.45556640625 0.01513671875 0.1044921875
0 0.0615234375 0.484375 0.033203125 0.19140625
0 0.08544921875 0.48876953125 0.0361328125 0.1787109375
0 0.886474609375 0.42822265625 0.01025390625 0.0634765625
0 0.912841796875 0.4716796875 0.04736328125 0.259765625
0 0.68994140625 0.48583984375 0.0322265625 0.1630859375
0 0.6650390625 0.498046875 0.068359375 0.396484375
