1 0.596435546875 0.384765625 0.01025390625 0.025390625
1 0.587890625 0.38525390625 0.0205078125 0.0302734375
1 0.56201171875 0.40478515625 0.01953125 0.0380859375
1 0.552978515625 0.41845703125 0.01318359375 0.0439453125
1 0.5419921875 0.41748046875 0.025390625 0.0498046875
1 0.54052734375 0.42431640625 0.0205078125 0.0498046875
1 0.500244140625 0.41259765625 0.06982421875 0.1357421875
1 0.35400390625 0.45654296875 0.0908203125 0.1865234375
1 0.32861328125 0.470703125 0.060546875 0.197265625
1 0.26708984375 0.513671875 0.1396484375 0.302734375
1 0.114990234375 0.58447265625 0.23095703125 0.6044921875
1 0.6337890625 0.38623046875 0.0185546875 0.0244140625
0 0.586669921875 0.42041015625 0.01318359375 0.0576171875
1 0.642578125 0.47216796875 0.087890625 0.1689453125
1 0.69873046875 0.5009765625 0.1259765625 0.224609375
1 0.845947265625 0.53369140625 0.30712890625 0.4228515625
1 0.956787109375 0.7001953125 0.08544921875 0.4140625
