1 0.471435546875 0.42626953125 0.01318359375 0.0146484375
1 0.457275390625 0.44287109375 0.01611328125 0.0498046875
1 0.447265625 0.44189453125 0.0244140625 0.0576171875
1 0.443603515625 0.44384765625 0.02001953125 0.0576171875
1 0.435302734375 0.45703125 0.02294921875 0.103515625
1 0.41748046875 0.46826171875 0.044921875 0.1357421875
1 0.38671875 0.47265625 0.0673828125 0.189453125
1 0.35498046875 0.4990234375 0.0625 0.25
1 0.19287109375 0.53564453125 0.306640625 0.4384765625
1 0.5185546875 0.43310546875 0.01171875 0.0361328125
1 0.525634765625 0.4375 0.01220703125 0.037109375
1 0.58349609375 0.41259765625 0.021484375 0.0380859375
1 0.609375 0.4609375 0.1240234375 0.16015625
0 0.5400390625 0.45703125 0.02734375 0.177734375
0 0.571044921875 0.4521484375 0.02587890625 0.177734375
