1 0.487548828125 0.42626953125 0.02392578125 0.0517578125
1 0.37353515625 0.4052734375 0.021484375 0.025390625
1 0.354736328125 0.41748046875 0.03271484375 0.0458984375
0 0.22412109375 0.384765625 0.0068359375 0.025390625
0 0.07080078125 0.4208984375 0.0205078125 0.158203125
0 0.093505859375 0.42724609375 0.01708984375 0.1533203125
0 0.273193359375 0.3984375 0.01318359375 0.05859375
0 0.286376953125 0.42919921875 0.02001953125 0.1181640625
1 0.19580078125 0.44091796875 0.17578125 0.1162109375
0 0.10205078125 0.4619140625 0.0224609375 0.09375
1 0.384033203125 0.447265625 0.07470703125 0.08984375
0 0.509521484375 0.4345703125 0.01416015625 0.078125
0 0.495361328125 0.431640625 0.01123046875 0.080078125
