0 0.73486328125 0.2412109375 0.017578125 0.08984375
0 0.750244140625 0.22900390625 0.02099609375 0.1044921875
0 0.656982421875 0.29541015625 0.01806640625 0.0693359375
1 0.578369140625 0.4345703125 0.01708984375 0.025390625
0 0.47998046875 0.43505859375 0.0068359375 0.0400390625
0 0.4736328125 0.43310546875 0.0087890625 0.0478515625
0 0.4609375 0.43505859375 0.0087890625 0.0517578125
0 0.452880859375 0.43310546875 0.01123046875 0.0576171875
0 0.315673828125 0.45166015625 0.02490234375 0.1357421875
0 0.239990234375 0.4453125 0.02587890625 0.11328125
0 0.267822265625 0.45068359375 0.02783203125 0.1650390625
1 0.5302734375 0.455078125 0.0732421875 0.11328125
