1 0.55322265625 0.283203125 0.009765625 0.015625
1 0.550048828125 0.2900390625 0.01025390625 0.013671875
1 0.54638671875 0.29541015625 0.013671875 0.0205078125
1 0.50341796875 0.337890625 0.02734375 0.056640625
1 0.416748046875 0.427734375 0.06884765625 0.10546875
1 0.60888671875 0.29248046875 0.01171875 0.0146484375
1 0.58447265625 0.28515625 0.0126953125 0.01953125
1 0.583984375 0.30419921875 0.013671875 0.0185546875
1 0.58056640625 0.3125 0.0185546875 0.029296875
0 0.531494140625 0.384765625 0.01513671875 0.046875
0 0.525390625 0.3828125 0.015625 0.060546875
1 0.59130859375 0.373046875 0.033203125 0.060546875
