1 0.594482421875 0.4140625 0.00732421875 0.015625
1 0.570556640625 0.41552734375 0.01318359375 0.0205078125
1 0.569580078125 0.43310546875 0.01123046875 0.0166015625
0 0.558349609375 0.439453125 0.00537109375 0.021484375
0 0.559814453125 0.45361328125 0.00537109375 0.0283203125
0 0.456298828125 0.4609375 0.00537109375 0.05078125
0 0.39453125 0.45458984375 0.0107421875 0.0673828125
0 0.28662109375 0.46630859375 0.0205078125 0.1142578125
0 0.303955078125 0.46923828125 0.02099609375 0.1181640625
0 0.263916015625 0.47119140625 0.03369140625 0.1357421875
0 0.2421875 0.49560546875 0.015625 0.0888671875
0 0.222900390625 0.466796875 0.03369140625 0.1484375
0 0.37890625 0.45849609375 0.009765625 0.0869140625
0 0.38525390625 0.4619140625 0.0166015625 0.083984375
0 0.376953125 0.4619140625 0.017578125 0.09765625
0 0.365234375 0.466796875 0.013671875 0.08984375
0 0.05810546875 0.490234375 0.017578125 0.083984375
0 0.05322265625 0.46923828125 0.0302734375 0.1552734375
0 0.116455078125 0.435546875 0.02197265625 0.060546875
0 0.096923828125 0.4638671875 0.03076171875 0.1640625
0 0.085693359375 0.515625 0.01220703125 0.041015625
0 0.10400390625 0.4716796875 0.0341796875 0.15234375
0 0.156982421875 0.46435546875 0.02978515625 0.1533203125
0 0.54931640625 0.46875 0.0126953125 0.06640625
1 0.58447265625 0.43896484375 0.013671875 0.0185546875
1 0.5927734375 0.443359375 0.0126953125 0.017578125
1 0.59716796875 0.44677734375 0.0126953125 0.0224609375
0 0.624755859375 0.45849609375 0.00927734375 0.0283203125
0 0.627685546875 0.45947265625 0.00634765625 0.0322265625
0 0.74267578125 0.46728515625 0.0107421875 0.1044921875
0 0.7587890625 0.46484375 0.017578125 0.10546875
0 0.7490234375 0.48681640625 0.01171875 0.0654296875
0 0.736083984375 0.4775390625 0.01416015625 0.083984375
0 0.707275390625 0.46044921875 0.01025390625 0.1064453125
0 0.69482421875 0.46484375 0.013671875 0.111328125
1 0.642822265625 0.46240234375 0.02685546875 0.0458984375
0 0.66259765625 0.46728515625 0.0126953125 0.0986328125
0 0.67138671875 0.46875 0.01171875 0.1015625
0 0.678955078125 0.46630859375 0.01708984375 0.1103515625
0 0.685791015625 0.46728515625 0.02099609375 0.1201171875
