1 0.514892578125 0.41064453125 0.01025390625 0.0146484375
0 0.545166015625 0.4375 0.00537109375 0.025390625
1 0.55517578125 0.4443359375 0.0126953125 0.021484375
0 0.543701171875 0.45947265625 0.00634765625 0.0302734375
0 0.55810546875 0.46142578125 0.009765625 0.0458984375
0 0.569091796875 0.4462890625 0.01416015625 0.07421875
0 0.58251953125 0.44580078125 0.0146484375 0.0712890625
0 0.849853515625 0.43505859375 0.04052734375 0.2216796875
0 0.815673828125 0.4404296875 0.03857421875 0.220703125
0 0.914794921875 0.43701171875 0.04150390625 0.2080078125
0 0.481201171875 0.45947265625 0.01025390625 0.0498046875
0 0.455078125 0.4453125 0.0166015625 0.099609375
0 0.525634765625 0.44091796875 0.02392578125 0.1259765625
0 0.498046875 0.44873046875 0.021484375 0.1142578125
0 0.471435546875 0.43994140625 0.02880859375 0.1279296875
0 0.43505859375 0.44580078125 0.021484375 0.1201171875
0 0.3916015625 0.453125 0.0234375 0.115234375
0 0.338623046875 0.435546875 0.01904296875 0.109375
0 0.353759765625 0.44189453125 0.02587890625 0.1279296875
0 0.29541015625 0.4501953125 0.03125 0.138671875
0 0.313720703125 0.45263671875 0.03076171875 0.1533203125
