1 0.494140625 0.35791015625 0.0087890625 0.0126953125
0 0.521240234375 0.36279296875 0.00341796875 0.0146484375
0 0.5234375 0.37353515625 0.0048828125 0.0185546875
0 0.537353515625 0.42041015625 0.00732421875 0.0380859375
1 0.552978515625 0.42333984375 0.01904296875 0.0322265625
0 0.550537109375 0.4287109375 0.00634765625 0.03515625
0 0.573486328125 0.43994140625 0.00732421875 0.0498046875
0 0.5537109375 0.46875 0.0107421875 0.052734375
0 0.68017578125 0.50146484375 0.044921875 0.2353515625
0 0.493896484375 0.39990234375 0.00732421875 0.0361328125
0 0.46484375 0.45458984375 0.0146484375 0.0380859375
0 0.411865234375 0.48095703125 0.02490234375 0.1298828125
0 0.23046875 0.50048828125 0.0419921875 0.2373046875
0 0.18115234375 0.50439453125 0.037109375 0.2197265625
0 0.494140625 0.42822265625 0.0068359375 0.0400390625
0 0.501953125 0.42919921875 0.0068359375 0.0400390625
0 0.510009765625 0.4306640625 0.01025390625 0.04296875
