1 0.708251953125 0.4072265625 0.01611328125 0.009765625
1 0.702880859375 0.4296875 0.01611328125 0.046875
1 0.68505859375 0.4345703125 0.0341796875 0.068359375
1 0.6630859375 0.43994140625 0.03515625 0.0615234375
1 0.63525390625 0.43896484375 0.041015625 0.0751953125
1 0.6083984375 0.4482421875 0.064453125 0.08203125
1 0.55078125 0.45556640625 0.0576171875 0.1103515625
1 0.497314453125 0.4658203125 0.09521484375 0.12890625
0 0.35888671875 0.4951171875 0.0107421875 0.056640625
0 0.333984375 0.4951171875 0.068359375 0.390625
0 0.12158203125 0.3203125 0.0390625 0.0546875
1 0.135009765625 0.5869140625 0.27099609375 0.4921875
1 0.78271484375 0.43701171875 0.03515625 0.0576171875
1 0.76171875 0.4423828125 0.0302734375 0.078125
1 0.73291015625 0.44921875 0.0576171875 0.099609375
0 0.88720703125 0.48779296875 0.068359375 0.3095703125
