0 0.015869140625 0.54833984375 0.03271484375 0.2939453125
1 0.55224609375 0.41845703125 0.025390625 0.0400390625
1 0.5537109375 0.42724609375 0.021484375 0.0361328125
1 0.557373046875 0.4345703125 0.01708984375 0.04296875
1 0.565185546875 0.439453125 0.01806640625 0.052734375
1 0.57666015625 0.443359375 0.0263671875 0.064453125
1 0.61572265625 0.4326171875 0.076171875 0.134765625
1 0.6298828125 0.45849609375 0.0517578125 0.1220703125
1 0.684326171875 0.47314453125 0.11767578125 0.1630859375
1 0.864990234375 0.5458984375 0.22705078125 0.3515625
1 0.930908203125 0.5947265625 0.13720703125 0.470703125
