1 0.55517578125 0.3896484375 0.033203125 0.044921875
0 0.621337890625 0.3857421875 0.00634765625 0.033203125
1 0.497314453125 0.42529296875 0.02685546875 0.0458984375
0 0.513427734375 0.3994140625 0.01025390625 0.02734375
1 0.517578125 0.4296875 0.0390625 0.05859375
0 0.536865234375 0.43505859375 0.02001953125 0.0673828125
1 0.01904296875 0.466796875 0.0390625 0.078125
1 0.689697265625 0.44921875 0.12353515625 0.0859375
1 0.903564453125 0.45849609375 0.14404296875 0.0810546875
1 0.9716796875 0.47509765625 0.0556640625 0.0869140625
1 0.330810546875 0.4677734375 0.15673828125 0.189453125
