0 0.732666015625 0.41162109375 0.00830078125 0.0458984375
0 0.880126953125 0.4130859375 0.01318359375 0.05859375
0 0.947265625 0.4189453125 0.0078125 0.056640625
0 0.971435546875 0.41650390625 0.01220703125 0.0654296875
0 0.419921875 0.4296875 0.015625 0.115234375
0 0.436767578125 0.42333984375 0.02294921875 0.1259765625
0 0.311767578125 0.43603515625 0.01416015625 0.0595703125
0 0.330810546875 0.41357421875 0.02001953125 0.1337890625
0 0.231201171875 0.40625 0.03369140625 0.146484375
0 0.2431640625 0.43115234375 0.0517578125 0.1728515625
0 0.193115234375 0.41455078125 0.02880859375 0.1767578125
0 0.601318359375 0.39794921875 0.00732421875 0.0283203125
0 0.5966796875 0.39697265625 0.0048828125 0.0302734375
0 0.578369140625 0.40283203125 0.01025390625 0.0478515625
0 0.511474609375 0.40966796875 0.00732421875 0.0458984375
0 0.5166015625 0.4033203125 0.009765625 0.05078125
0 0.52685546875 0.40087890625 0.0087890625 0.0576171875
0 0.450927734375 0.41455078125 0.01318359375 0.0830078125
0 0.46044921875 0.38916015625 0.0087890625 0.0244140625
0 0.631591796875 0.40185546875 0.00537109375 0.0361328125
0 0.50146484375 0.41064453125 0.013671875 0.0771484375
0 0.743408203125 0.41650390625 0.02490234375 0.0830078125
0 0.771728515625 0.41259765625 0.01220703125 0.1005859375
