1 0.1220703125 0.44921875 0.0986328125 0.126953125
1 0.44921875 0.43603515625 0.0478515625 0.0771484375
0 0.59912109375 0.4228515625 0.0068359375 0.04296875
0 0.602783203125 0.42431640625 0.00634765625 0.0380859375
0 0.61083984375 0.42333984375 0.0078125 0.0478515625
0 0.591796875 0.4208984375 0.01171875 0.056640625
1 0.575927734375 0.4365234375 0.03564453125 0.0703125
1 0.5361328125 0.4560546875 0.0859375 0.13671875
1 0.661865234375 0.46875 0.11083984375 0.16796875
1 0.8193359375 0.5341796875 0.2587890625 0.328125
