0 0.40283203125 0.38525390625 0.0107421875 0.0322265625
0 0.49169921875 0.4013671875 0.00390625 0.025390625
0 0.487060546875 0.392578125 0.00732421875 0.046875
0 0.263671875 0.41650390625 0.0166015625 0.0595703125
0 0.1181640625 0.4384765625 0.033203125 0.205078125
0 0.60107421875 0.39794921875 0.005859375 0.0595703125
0 0.604736328125 0.40234375 0.00634765625 0.052734375
0 0.5947265625 0.400390625 0.0087890625 0.05859375
0 0.708984375 0.4208984375 0.0458984375 0.1796875
0 0.778564453125 0.42578125 0.03759765625 0.16796875
