0 0.1416015625 0.38427734375 0.0068359375 0.0693359375
0 0.022705078125 0.37060546875 0.02783203125 0.0556640625
0 0.063720703125 0.3671875 0.01416015625 0.046875
0 0.08447265625 0.365234375 0.025390625 0.05078125
0 0.043701171875 0.3642578125 0.02197265625 0.05078125
0 0.072509765625 0.37158203125 0.01611328125 0.0302734375
0 0.10009765625 0.36962890625 0.0283203125 0.0458984375
0 0.166259765625 0.423828125 0.02099609375 0.130859375
0 0.208251953125 0.43359375 0.01220703125 0.072265625
1 0.086181640625 0.490234375 0.17333984375 0.22265625
0 0.890869140625 0.41015625 0.02099609375 0.12109375
0 0.87841796875 0.44873046875 0.0419921875 0.1005859375
1 0.39599609375 0.4404296875 0.0859375 0.119140625
