0 0.717529296875 0.466796875 0.01025390625 0.0546875
0 0.89990234375 0.4609375 0.0146484375 0.048828125
1 0.9013671875 0.49462890625 0.048828125 0.1142578125
0 0.738037109375 0.50732421875 0.03857421875 0.3056640625
0 0.7646484375 0.50146484375 0.04296875 0.3486328125
0 0.810546875 0.5185546875 0.0615234375 0.390625
0 0.474609375 0.4482421875 0.005859375 0.0546875
0 0.447265625 0.46826171875 0.009765625 0.0771484375
0 0.435302734375 0.4541015625 0.01123046875 0.056640625
0 0.427001953125 0.46533203125 0.01318359375 0.0810546875
0 0.450439453125 0.46533203125 0.01611328125 0.0849609375
0 0.437744140625 0.46484375 0.01904296875 0.083984375
1 0.495849609375 0.48046875 0.04931640625 0.0703125
1 0.550537109375 0.48583984375 0.06787109375 0.0908203125
0 0.34716796875 0.45654296875 0.0126953125 0.0732421875
0 0.343017578125 0.45947265625 0.01904296875 0.0927734375
0 0.39990234375 0.466796875 0.033203125 0.138671875
0 0.39501953125 0.46923828125 0.0283203125 0.1298828125
1 0.5859375 0.47509765625 0.0078125 0.0107421875
1 0.593994140625 0.4697265625 0.01025390625 0.021484375
1 0.616455078125 0.45703125 0.04052734375 0.056640625
1 0.61328125 0.46435546875 0.0263671875 0.0458984375
1 0.614990234375 0.4697265625 0.01318359375 0.03515625
0 0.2900390625 0.45166015625 0.0146484375 0.0712890625
1 0.618408203125 0.4736328125 0.01220703125 0.04296875
1 0.646484375 0.47216796875 0.060546875 0.0654296875
1 0.640380859375 0.47900390625 0.02490234375 0.0537109375
1 0.657470703125 0.482421875 0.04248046875 0.060546875
1 0.691650390625 0.4873046875 0.05615234375 0.0703125
