1 0.614013671875 0.38037109375 0.01904296875 0.0224609375
1 0.55029296875 0.39013671875 0.0205078125 0.0244140625
1 0.534912109375 0.388671875 0.00927734375 0.009765625
1 0.513916015625 0.3828125 0.02685546875 0.021484375
1 0.531494140625 0.41259765625 0.02197265625 0.0263671875
1 0.53564453125 0.41357421875 0.0205078125 0.0263671875
1 0.561279296875 0.40283203125 0.02294921875 0.0126953125
1 0.54052734375 0.4267578125 0.015625 0.03515625
1 0.549560546875 0.42333984375 0.01806640625 0.0341796875
1 0.569091796875 0.41455078125 0.03271484375 0.0244140625
1 0.560791015625 0.4384765625 0.02880859375 0.05859375
1 0.585693359375 0.4423828125 0.04833984375 0.0703125
1 0.583251953125 0.4501953125 0.03466796875 0.060546875
1 0.603271484375 0.451171875 0.04736328125 0.1015625
1 0.6279296875 0.4599609375 0.072265625 0.1171875
1 0.670654296875 0.45654296875 0.10791015625 0.1806640625
1 0.982177734375 0.64013671875 0.03466796875 0.3056640625
1 0.459716796875 0.3857421875 0.02294921875 0.01953125
1 0.47021484375 0.38916015625 0.0166015625 0.0205078125
1 0.4677734375 0.404296875 0.0205078125 0.03515625
1 0.466796875 0.41357421875 0.015625 0.0322265625
1 0.466796875 0.4248046875 0.017578125 0.03515625
1 0.461669921875 0.431640625 0.01318359375 0.04296875
1 0.44921875 0.435546875 0.0302734375 0.052734375
1 0.406982421875 0.4609375 0.01513671875 0.103515625
1 0.35009765625 0.44921875 0.119140625 0.173828125
1 0.228759765625 0.517578125 0.20263671875 0.255859375
1 0.092529296875 0.63037109375 0.18603515625 0.5400390625
1 0.756591796875 0.5009765625 0.15869140625 0.208984375
