1 0.62841796875 0.37060546875 0.02734375 0.0146484375
0 0.643798828125 0.3876953125 0.00732421875 0.05078125
1 0.606689453125 0.38916015625 0.01806640625 0.0302734375
1 0.62353515625 0.3935546875 0.02734375 0.044921875
0 0.4150390625 0.42041015625 0.0146484375 0.0654296875
0 0.342041015625 0.43603515625 0.01123046875 0.0498046875
0 0.280029296875 0.40771484375 0.01904296875 0.0498046875
0 0.299072265625 0.4013671875 0.01123046875 0.052734375
0 0.304931640625 0.40478515625 0.01611328125 0.0478515625
0 0.198486328125 0.45068359375 0.02783203125 0.1337890625
0 0.67626953125 0.38232421875 0.009765625 0.0341796875
0 0.63037109375 0.41357421875 0.0166015625 0.0830078125
0 0.591064453125 0.4365234375 0.02783203125 0.177734375
