1 0.534912109375 0.37841796875 0.02197265625 0.0263671875
1 0.513671875 0.3837890625 0.025390625 0.033203125
1 0.49365234375 0.40087890625 0.0146484375 0.0498046875
1 0.48291015625 0.4033203125 0.0234375 0.0625
1 0.556396484375 0.37353515625 0.03564453125 0.0712890625
1 0.56201171875 0.38916015625 0.03125 0.0517578125
1 0.565673828125 0.3974609375 0.02783203125 0.048828125
1 0.569091796875 0.40478515625 0.02392578125 0.0556640625
1 0.523681640625 0.4052734375 0.04443359375 0.06640625
1 0.447021484375 0.400390625 0.06787109375 0.1328125
1 0.583251953125 0.41162109375 0.04443359375 0.0673828125
1 0.6083984375 0.4296875 0.0322265625 0.107421875
1 0.6142578125 0.43798828125 0.0322265625 0.1201171875
1 0.674072265625 0.427734375 0.13232421875 0.2109375
1 0.426025390625 0.4345703125 0.06005859375 0.14453125
1 0.349853515625 0.466796875 0.15380859375 0.228515625
1 0.73828125 0.50341796875 0.2119140625 0.2822265625
