0 0.161376953125 0.42822265625 0.00732421875 0.0478515625
0 0.00830078125 0.43896484375 0.017578125 0.0810546875
0 0.089111328125 0.43798828125 0.01123046875 0.0615234375
0 0.11181640625 0.44140625 0.01171875 0.046875
0 0.103759765625 0.4326171875 0.01318359375 0.06640625
0 0.257080078125 0.4150390625 0.00634765625 0.03515625
0 0.26220703125 0.4140625 0.0048828125 0.033203125
0 0.271728515625 0.41650390625 0.00830078125 0.0322265625
0 0.24853515625 0.4150390625 0.0078125 0.037109375
0 0.244384765625 0.42724609375 0.00830078125 0.0498046875
0 0.250244140625 0.43701171875 0.00830078125 0.0283203125
1 0.40087890625 0.41015625 0.01953125 0.013671875
0 0.3251953125 0.40673828125 0.00390625 0.0126953125
1 0.3173828125 0.41357421875 0.0185546875 0.0146484375
0 0.486328125 0.408203125 0.0068359375 0.02734375
0 0.53125 0.4072265625 0.0068359375 0.03125
0 0.451416015625 0.40673828125 0.00634765625 0.0283203125
0 0.456298828125 0.4072265625 0.00439453125 0.0234375
0 0.46533203125 0.40966796875 0.0048828125 0.0302734375
0 0.413818359375 0.41796875 0.01611328125 0.060546875
0 0.825439453125 0.40087890625 0.01806640625 0.1025390625
0 0.7421875 0.40869140625 0.01953125 0.1201171875
0 0.929443359375 0.40673828125 0.02294921875 0.1806640625
0 0.96044921875 0.3984375 0.0263671875 0.1640625
0 0.94189453125 0.412109375 0.029296875 0.177734375
0 0.321044921875 0.41455078125 0.00341796875 0.0263671875
