1 0.3837890625 0.37158203125 0.0185546875 0.0419921875
1 0.400634765625 0.375 0.04345703125 0.0546875
1 0.358642578125 0.39990234375 0.06298828125 0.1298828125
1 0.2978515625 0.4404296875 0.099609375 0.16015625
1 0.13427734375 0.5224609375 0.244140625 0.302734375
1 0.018310546875 0.626953125 0.03759765625 0.4140625
1 0.509521484375 0.3642578125 0.05908203125 0.052734375
1 0.61083984375 0.35888671875 0.0673828125 0.0439453125
1 0.571044921875 0.36376953125 0.04931640625 0.0263671875
1 0.54052734375 0.39208984375 0.0537109375 0.0712890625
1 0.559326171875 0.400390625 0.05126953125 0.078125
1 0.581298828125 0.404296875 0.05517578125 0.08203125
1 0.63134765625 0.37451171875 0.0615234375 0.0224609375
1 0.688232421875 0.3876953125 0.06396484375 0.03515625
1 0.651123046875 0.44287109375 0.16357421875 0.1474609375
1 0.666748046875 0.46044921875 0.11083984375 0.1494140625
1 0.76318359375 0.44580078125 0.1630859375 0.2275390625
1 0.849365234375 0.4462890625 0.30029296875 0.26171875
1 0.887451171875 0.51025390625 0.22412109375 0.3388671875
