1 0.505615234375 0.42041015625 0.05419921875 0.0537109375
1 0.455078125 0.4169921875 0.0595703125 0.078125
1 0.407958984375 0.4296875 0.04150390625 0.07421875
1 0.366455078125 0.4482421875 0.06494140625 0.109375
1 0.54052734375 0.4296875 0.013671875 0.076171875
1 0.56884765625 0.4189453125 0.0537109375 0.103515625
1 0.58203125 0.4404296875 0.0517578125 0.123046875
1 0.621337890625 0.4453125 0.08642578125 0.138671875
1 0.6494140625 0.47216796875 0.109375 0.1865234375
1 0.749267578125 0.50537109375 0.18603515625 0.2763671875
1 0.884521484375 0.57763671875 0.22998046875 0.6552734375
