1 0.060302734375 0.49560546875 0.12158203125 0.0634765625
0 0.142333984375 0.48046875 0.01318359375 0.025390625
0 0.15283203125 0.47705078125 0.0146484375 0.0302734375
0 0.266357421875 0.50390625 0.01123046875 0.03125
0 0.125244140625 0.48828125 0.04248046875 0.1484375
0 0.2216796875 0.49853515625 0.0400390625 0.1494140625
1 0.382080078125 0.49951171875 0.07958984375 0.1142578125
0 0.484375 0.48681640625 0.0166015625 0.0810546875
0 0.466796875 0.4892578125 0.0224609375 0.14453125
0 0.638916015625 0.48193359375 0.01513671875 0.0673828125
0 0.666748046875 0.49658203125 0.02587890625 0.1357421875
0 0.8232421875 0.46728515625 0.0068359375 0.0244140625
0 0.82958984375 0.47021484375 0.0087890625 0.0361328125
0 0.837158203125 0.50341796875 0.01708984375 0.0556640625
1 0.767578125 0.49462890625 0.1337890625 0.0791015625
0 0.906494140625 0.4794921875 0.01220703125 0.056640625
0 0.94091796875 0.470703125 0.0107421875 0.029296875
0 0.916259765625 0.4833984375 0.01611328125 0.08203125
0 0.896728515625 0.48583984375 0.01416015625 0.0791015625
0 0.864501953125 0.48974609375 0.02099609375 0.1005859375
0 0.888671875 0.48876953125 0.025390625 0.1064453125
