1 0.571044921875 0.4365234375 0.04052734375 0.044921875
0 0.593017578125 0.41552734375 0.01220703125 0.0302734375
0 0.550048828125 0.42236328125 0.01220703125 0.0537109375
1 0.510498046875 0.4462890625 0.02392578125 0.05859375
1 0.533447265625 0.4501953125 0.04931640625 0.06640625
1 0.433837890625 0.42919921875 0.02099609375 0.0380859375
1 0.4482421875 0.43603515625 0.029296875 0.0498046875
1 0.474853515625 0.4462890625 0.04638671875 0.068359375
1 0.390380859375 0.4375 0.01904296875 0.056640625
1 0.385498046875 0.43994140625 0.02294921875 0.0634765625
1 0.384033203125 0.44580078125 0.02099609375 0.0693359375
1 0.375732421875 0.45263671875 0.02197265625 0.0927734375
1 0.35302734375 0.458984375 0.05078125 0.107421875
1 0.3525390625 0.47021484375 0.048828125 0.1240234375
1 0.32373046875 0.482421875 0.0595703125 0.154296875
1 0.192138671875 0.49951171875 0.24658203125 0.2392578125
1 0.9248046875 0.4765625 0.1484375 0.083984375
0 0.81494140625 0.4892578125 0.02734375 0.103515625
0 0.78857421875 0.46240234375 0.0302734375 0.1552734375
0 0.478515625 0.45361328125 0.029296875 0.1064453125
1 0.577392578125 0.46337890625 0.05322265625 0.0908203125
1 0.60498046875 0.46923828125 0.048828125 0.1064453125
1 0.6279296875 0.4765625 0.052734375 0.130859375
1 0.697998046875 0.4677734375 0.12646484375 0.212890625
