0 0.2890625 0.42333984375 0.01171875 0.0654296875
0 0.140380859375 0.42919921875 0.01220703125 0.0556640625
0 0.246337890625 0.4375 0.03466796875 0.1015625
1 0.39501953125 0.42578125 0.037109375 0.05078125
0 0.474609375 0.43212890625 0.0322265625 0.1513671875
0 0.514404296875 0.42333984375 0.01611328125 0.0791015625
0 0.576904296875 0.419921875 0.01220703125 0.068359375
0 0.58349609375 0.4267578125 0.0166015625 0.08984375
0 0.52880859375 0.43359375 0.0419921875 0.24609375
0 0.67724609375 0.44677734375 0.025390625 0.1533203125
0 0.659912109375 0.46826171875 0.03564453125 0.1787109375
0 0.630615234375 0.45849609375 0.03955078125 0.2197265625
0 0.982177734375 0.48388671875 0.03466796875 0.1650390625
0 0.864013671875 0.46435546875 0.07568359375 0.1904296875
