0 0.315673828125 0.34326171875 0.00634765625 0.0419921875
1 0.321044921875 0.35205078125 0.01513671875 0.0302734375
0 0.41162109375 0.35986328125 0.0068359375 0.0380859375
0 0.418212890625 0.361328125 0.00732421875 0.03515625
0 0.470703125 0.37890625 0.0107421875 0.064453125
0 0.483642578125 0.375 0.01123046875 0.0703125
0 0.545166015625 0.3779296875 0.01318359375 0.072265625
1 0.7373046875 0.4072265625 0.1201171875 0.08984375
0 0.592529296875 0.38818359375 0.01708984375 0.0869140625
0 0.701416015625 0.4208984375 0.02197265625 0.130859375
0 0.281494140625 0.37451171875 0.02587890625 0.1162109375
0 0.257080078125 0.37451171875 0.02392578125 0.1103515625
1 0.376708984375 0.42236328125 0.09619140625 0.1572265625
