1 0.98876953125 0.4052734375 0.021484375 0.04296875
1 0.931396484375 0.419921875 0.03466796875 0.048828125
0 0.80029296875 0.38623046875 0.0087890625 0.0400390625
0 0.4296875 0.41455078125 0.0146484375 0.0771484375
0 0.49365234375 0.3828125 0.0146484375 0.052734375
0 0.52587890625 0.38330078125 0.013671875 0.0341796875
0 0.513916015625 0.3857421875 0.01025390625 0.03125
1 0.50830078125 0.41357421875 0.04296875 0.0419921875
1 0.47119140625 0.43603515625 0.0712890625 0.0771484375
1 0.392578125 0.45556640625 0.087890625 0.0947265625
1 0.671142578125 0.4033203125 0.03857421875 0.05078125
1 0.7177734375 0.40283203125 0.04296875 0.0576171875
0 0.028076171875 0.5029296875 0.05712890625 0.2734375
0 0.095703125 0.53662109375 0.021484375 0.1552734375
0 0.08984375 0.50146484375 0.048828125 0.2666015625
1 0.55126953125 0.4794921875 0.14453125 0.1875
0 0.65380859375 0.5185546875 0.103515625 0.515625
0 0.56201171875 0.560546875 0.0859375 0.533203125
0 0.86767578125 0.50634765625 0.11328125 0.5107421875
0 0.859619140625 0.5283203125 0.11962890625 0.57421875
