1 0.524658203125 0.419921875 0.04541015625 0.072265625
1 0.5693359375 0.43359375 0.0517578125 0.080078125
0 0.541259765625 0.43212890625 0.01904296875 0.0810546875
0 0.638671875 0.40771484375 0.0146484375 0.0419921875
1 0.610107421875 0.4462890625 0.06494140625 0.095703125
1 0.6650390625 0.4521484375 0.0771484375 0.12109375
1 0.69580078125 0.46923828125 0.0859375 0.1474609375
1 0.78173828125 0.4775390625 0.1552734375 0.220703125
0 0.818603515625 0.46240234375 0.03955078125 0.2822265625
0 0.830810546875 0.48193359375 0.06494140625 0.2724609375
0 0.4599609375 0.42822265625 0.0166015625 0.1005859375
