1 0.388916015625 0.37890625 0.01123046875 0.013671875
0 0.385986328125 0.37451171875 0.00537109375 0.0263671875
0 0.3798828125 0.37255859375 0.005859375 0.0263671875
0 0.372314453125 0.373046875 0.00732421875 0.029296875
0 0.447265625 0.37744140625 0.005859375 0.0283203125
0 0.441650390625 0.37841796875 0.00927734375 0.0341796875
0 0.518310546875 0.48974609375 0.02001953125 0.0537109375
0 0.601318359375 0.4990234375 0.05419921875 0.255859375
0 0.5341796875 0.49853515625 0.0498046875 0.2919921875
0 0.33154296875 0.42919921875 0.0146484375 0.0771484375
0 0.3408203125 0.42431640625 0.013671875 0.0556640625
0 0.292724609375 0.4248046875 0.01318359375 0.04296875
0 0.23974609375 0.42236328125 0.017578125 0.0732421875
0 0.215087890625 0.42529296875 0.01708984375 0.0478515625
0 0.202880859375 0.4306640625 0.01904296875 0.05859375
0 0.253173828125 0.4443359375 0.01416015625 0.09375
0 0.23388671875 0.45068359375 0.0341796875 0.0830078125
0 0.26318359375 0.44580078125 0.0185546875 0.1083984375
0 0.20556640625 0.45263671875 0.0283203125 0.0927734375
1 0.023681640625 0.625 0.04833984375 0.361328125
