1 0.370849609375 0.4853515625 0.13427734375 0.10546875
1 0.4912109375 0.4619140625 0.0126953125 0.021484375
1 0.4814453125 0.46533203125 0.01171875 0.0244140625
1 0.515625 0.455078125 0.013671875 0.048828125
1 0.534912109375 0.45751953125 0.03759765625 0.0556640625
1 0.58740234375 0.4541015625 0.0556640625 0.072265625
1 0.64990234375 0.43798828125 0.09375 0.0986328125
1 0.743896484375 0.4140625 0.03857421875 0.033203125
1 0.86962890625 0.41015625 0.060546875 0.064453125
1 0.806884765625 0.44873046875 0.17529296875 0.1298828125
1 0.911376953125 0.4228515625 0.04052734375 0.091796875
1 0.936279296875 0.41650390625 0.04150390625 0.0986328125
