0 0.440673828125 0.38623046875 0.00439453125 0.0302734375
0 0.448486328125 0.388671875 0.01025390625 0.0390625
0 0.327392578125 0.4111328125 0.01123046875 0.037109375
0 0.392333984375 0.4140625 0.00830078125 0.048828125
0 0.38330078125 0.4013671875 0.009765625 0.044921875
0 0.130126953125 0.35498046875 0.01123046875 0.0634765625
0 0.071044921875 0.3818359375 0.01904296875 0.09765625
0 0.251220703125 0.3837890625 0.00927734375 0.025390625
0 0.151123046875 0.419921875 0.02294921875 0.09765625
1 0.417236328125 0.43359375 0.05810546875 0.078125
1 0.3583984375 0.44189453125 0.0673828125 0.1044921875
1 0.210205078125 0.47314453125 0.15869140625 0.1787109375
1 0.04833984375 0.50537109375 0.09765625 0.2412109375
0 0.5546875 0.38330078125 0.0078125 0.0283203125
0 0.68212890625 0.400390625 0.0126953125 0.064453125
0 0.7724609375 0.4228515625 0.0234375 0.111328125
0 0.867431640625 0.4111328125 0.02392578125 0.12890625
0 0.844482421875 0.41650390625 0.02783203125 0.1201171875
0 0.91455078125 0.43701171875 0.0419921875 0.1005859375
