1 0.44921875 0.45849609375 0.01953125 0.0322265625
1 0.6123046875 0.47021484375 0.0556640625 0.0615234375
1 0.566650390625 0.47021484375 0.04638671875 0.0693359375
0 0.71044921875 0.455078125 0.025390625 0.125
0 0.72900390625 0.4482421875 0.029296875 0.158203125
0 0.751708984375 0.47119140625 0.04248046875 0.2080078125
0 0.9326171875 0.48388671875 0.0654296875 0.2548828125
0 0.889404296875 0.46728515625 0.05517578125 0.3056640625
1 0.97021484375 0.55224609375 0.05859375 0.3681640625
0 0.412353515625 0.43310546875 0.02001953125 0.1044921875
0 0.27001953125 0.42822265625 0.0244140625 0.1357421875
0 0.273193359375 0.42919921875 0.02978515625 0.1337890625
0 0.248291015625 0.4248046875 0.02685546875 0.1328125
0 0.116455078125 0.34619140625 0.02099609375 0.0517578125
0 0.08935546875 0.39599609375 0.0283203125 0.1611328125
0 0.040771484375 0.388671875 0.02294921875 0.171875
0 0.064208984375 0.39599609375 0.02587890625 0.1611328125
0 0.05029296875 0.3974609375 0.02734375 0.166015625
0 0.1181640625 0.41162109375 0.0146484375 0.1455078125
0 0.0966796875 0.40478515625 0.0322265625 0.1630859375
0 0.17919921875 0.43701171875 0.0546875 0.2119140625
0 0.22021484375 0.44873046875 0.0380859375 0.1962890625
0 0.13525390625 0.44091796875 0.0478515625 0.2744140625
0 0.396484375 0.4287109375 0.0224609375 0.107421875
0 0.3779296875 0.42236328125 0.0234375 0.1240234375
0 0.3408203125 0.4150390625 0.0205078125 0.1328125
0 0.329345703125 0.3818359375 0.02197265625 0.060546875
0 0.3193359375 0.38134765625 0.01171875 0.0322265625
0 0.298583984375 0.43212890625 0.02490234375 0.1240234375
0 0.312255859375 0.43359375 0.02001953125 0.13671875
0 0.362060546875 0.4326171875 0.03173828125 0.173828125
0 0.326904296875 0.44140625 0.03662109375 0.15625
