1 0.4658203125 0.39990234375 0.0205078125 0.0244140625
1 0.59716796875 0.36474609375 0.0390625 0.0380859375
1 0.210693359375 0.421875 0.06396484375 0.08203125
1 0.5771484375 0.41357421875 0.0400390625 0.0478515625
1 0.568115234375 0.4296875 0.02197265625 0.0546875
1 0.572265625 0.43408203125 0.0263671875 0.0615234375
1 0.591552734375 0.44482421875 0.04248046875 0.0966796875
1 0.601318359375 0.455078125 0.03271484375 0.111328125
1 0.635498046875 0.45751953125 0.07763671875 0.1455078125
1 0.7119140625 0.4873046875 0.1318359375 0.232421875
1 0.8544921875 0.533203125 0.2900390625 0.375
1 0.4814453125 0.40380859375 0.017578125 0.0263671875
1 0.491455078125 0.408203125 0.01318359375 0.025390625
1 0.49853515625 0.41064453125 0.015625 0.0283203125
1 0.505615234375 0.4150390625 0.01513671875 0.03125
1 0.5087890625 0.41943359375 0.01171875 0.0341796875
1 0.52197265625 0.41650390625 0.0244140625 0.0517578125
