1 0.50341796875 0.44287109375 0.013671875 0.0087890625
1 0.492431640625 0.439453125 0.01611328125 0.025390625
1 0.5224609375 0.44140625 0.0283203125 0.037109375
1 0.578125 0.44189453125 0.048828125 0.0654296875
0 0.41162109375 0.43115234375 0.0166015625 0.0732421875
1 0.45703125 0.4599609375 0.064453125 0.10546875
1 0.59814453125 0.447265625 0.0537109375 0.0859375
1 0.6015625 0.458984375 0.021484375 0.068359375
1 0.645751953125 0.45458984375 0.08935546875 0.1669921875
1 0.754150390625 0.47119140625 0.23486328125 0.2197265625
1 0.80517578125 0.54541015625 0.1953125 0.2978515625
1 0.92236328125 0.5078125 0.154296875 0.486328125
1 0.39111328125 0.44482421875 0.0205078125 0.0576171875
1 0.3876953125 0.4521484375 0.0263671875 0.03515625
1 0.333251953125 0.43994140625 0.11279296875 0.0908203125
1 0.322021484375 0.45068359375 0.09228515625 0.1064453125
1 0.298583984375 0.4482421875 0.07275390625 0.10546875
1 0.2216796875 0.43798828125 0.208984375 0.1748046875
1 0.18212890625 0.447265625 0.216796875 0.1953125
1 0.109375 0.45947265625 0.2197265625 0.2783203125
1 0.055419921875 0.47265625 0.11181640625 0.32421875
0 0.369873046875 0.46337890625 0.03759765625 0.1943359375
