1 0.443603515625 0.41943359375 0.01806640625 0.0166015625
1 0.520751953125 0.41259765625 0.02294921875 0.0166015625
0 0.323974609375 0.439453125 0.01220703125 0.095703125
0 0.34912109375 0.4345703125 0.013671875 0.07421875
0 0.2109375 0.44970703125 0.029296875 0.1552734375
0 0.70068359375 0.423828125 0.0224609375 0.125
0 0.7197265625 0.4287109375 0.0205078125 0.126953125
0 0.802734375 0.41259765625 0.0205078125 0.1259765625
0 0.872314453125 0.41748046875 0.03076171875 0.1455078125
0 0.974365234375 0.4111328125 0.02978515625 0.17578125
