1 0.440673828125 0.44970703125 0.02197265625 0.0615234375
1 0.423828125 0.45263671875 0.0361328125 0.0673828125
1 0.418212890625 0.46240234375 0.02099609375 0.0791015625
1 0.389404296875 0.46142578125 0.05615234375 0.1044921875
1 0.3525390625 0.4716796875 0.08203125 0.115234375
1 0.29345703125 0.4921875 0.0830078125 0.16796875
1 0.19677734375 0.51171875 0.208984375 0.2734375
1 0.58544921875 0.4560546875 0.01953125 0.083984375
1 0.593017578125 0.45654296875 0.03173828125 0.0908203125
1 0.611328125 0.455078125 0.0400390625 0.109375
1 0.62890625 0.4619140625 0.052734375 0.126953125
1 0.664794921875 0.4765625 0.07177734375 0.185546875
1 0.7294921875 0.49267578125 0.1357421875 0.2529296875
1 0.862060546875 0.529296875 0.27490234375 0.37109375
