0 0.558349609375 0.4482421875 0.00732421875 0.037109375
0 0.552734375 0.45263671875 0.0068359375 0.0283203125
0 0.465576171875 0.44873046875 0.01123046875 0.0458984375
0 0.45361328125 0.45263671875 0.009765625 0.0498046875
0 0.44140625 0.451171875 0.0107421875 0.052734375
0 0.426513671875 0.45751953125 0.01416015625 0.0673828125
0 0.475830078125 0.45947265625 0.01318359375 0.0693359375
0 0.48779296875 0.45263671875 0.015625 0.0791015625
0 0.359619140625 0.45703125 0.01904296875 0.080078125
0 0.376220703125 0.45947265625 0.01220703125 0.0732421875
1 0.816650390625 0.48876953125 0.08837890625 0.1748046875
1 0.910888671875 0.47705078125 0.17724609375 0.2041015625
1 0.958251953125 0.50439453125 0.08251953125 0.1865234375
