1 0.531982421875 0.4248046875 0.01416015625 0.0234375
1 0.55322265625 0.42236328125 0.0478515625 0.0439453125
1 0.550537109375 0.4228515625 0.01904296875 0.021484375
1 0.552001953125 0.43115234375 0.01904296875 0.0322265625
1 0.56494140625 0.43359375 0.03515625 0.046875
1 0.570556640625 0.43798828125 0.03173828125 0.0576171875
1 0.58740234375 0.44091796875 0.0556640625 0.0654296875
1 0.6064453125 0.4599609375 0.025390625 0.041015625
1 0.64013671875 0.4404296875 0.080078125 0.09765625
1 0.66455078125 0.4365234375 0.083984375 0.08203125
1 0.659912109375 0.4619140625 0.08447265625 0.10546875
1 0.665771484375 0.48095703125 0.07373046875 0.1162109375
1 0.724365234375 0.45361328125 0.08740234375 0.1396484375
1 0.744873046875 0.46923828125 0.13525390625 0.1982421875
1 0.76318359375 0.484375 0.09375 0.208984375
1 0.879638671875 0.490234375 0.23974609375 0.291015625
1 0.921142578125 0.5458984375 0.15673828125 0.28125
1 0.946533203125 0.57080078125 0.10595703125 0.3330078125
1 0.405517578125 0.43505859375 0.03271484375 0.0537109375
1 0.249755859375 0.4267578125 0.06689453125 0.099609375
1 0.2431640625 0.43701171875 0.037109375 0.0830078125
0 0.21484375 0.4326171875 0.0283203125 0.134765625
1 0.08837890625 0.4443359375 0.177734375 0.10546875
