0 0.168701171875 0.39599609375 0.00927734375 0.0166015625
0 0.185302734375 0.3984375 0.01220703125 0.021484375
1 0.454833984375 0.43603515625 0.01220703125 0.0166015625
1 0.44287109375 0.43505859375 0.0146484375 0.0107421875
1 0.43115234375 0.4345703125 0.0126953125 0.013671875
1 0.420166015625 0.43359375 0.01513671875 0.01953125
1 0.39599609375 0.43505859375 0.0302734375 0.0341796875
1 0.3779296875 0.43603515625 0.0263671875 0.0439453125
1 0.36279296875 0.4365234375 0.0478515625 0.07421875
1 0.326416015625 0.44873046875 0.07666015625 0.1005859375
1 0.31884765625 0.45947265625 0.0341796875 0.0830078125
1 0.2802734375 0.44921875 0.0810546875 0.099609375
1 0.2890625 0.45751953125 0.03125 0.0751953125
1 0.26513671875 0.47119140625 0.0712890625 0.1259765625
1 0.226318359375 0.4951171875 0.06005859375 0.099609375
1 0.1962890625 0.46435546875 0.1162109375 0.1259765625
1 0.182861328125 0.494140625 0.08837890625 0.171875
1 0.09521484375 0.4921875 0.19140625 0.173828125
1 0.50341796875 0.43994140625 0.0205078125 0.0556640625
1 0.515869140625 0.44140625 0.04052734375 0.064453125
1 0.525390625 0.44384765625 0.021484375 0.0595703125
1 0.54833984375 0.4423828125 0.0439453125 0.08984375
1 0.561279296875 0.4384765625 0.05126953125 0.080078125
1 0.56005859375 0.4404296875 0.0390625 0.072265625
1 0.567138671875 0.44775390625 0.02783203125 0.0888671875
1 0.609130859375 0.4521484375 0.10205078125 0.1328125
1 0.628173828125 0.45654296875 0.08154296875 0.1318359375
1 0.63720703125 0.45947265625 0.06640625 0.1318359375
0 0.642822265625 0.48876953125 0.03759765625 0.1669921875
1 0.648193359375 0.42919921875 0.05419921875 0.2255859375
1 0.767578125 0.48486328125 0.2294921875 0.3173828125
1 0.92236328125 0.509765625 0.154296875 0.375
1 0.978759765625 0.56982421875 0.04150390625 0.3291015625
