0 0.28466796875 0.4013671875 0.013671875 0.03515625
1 0.408203125 0.40478515625 0.05859375 0.0166015625
1 0.40234375 0.4423828125 0.05078125 0.095703125
1 0.395751953125 0.45166015625 0.05615234375 0.1123046875
1 0.330810546875 0.451171875 0.13720703125 0.134765625
0 0.08740234375 0.4052734375 0.03515625 0.125
0 0.1220703125 0.40869140625 0.0234375 0.0810546875
1 0.5 0.40673828125 0.0078125 0.0107421875
1 0.522216796875 0.39794921875 0.01318359375 0.0185546875
1 0.513916015625 0.40625 0.00830078125 0.013671875
1 0.540771484375 0.42333984375 0.00732421875 0.0185546875
1 0.693115234375 0.392578125 0.20556640625 0.173828125
