1 0.780029296875 0.41796875 0.02001953125 0.025390625
1 0.798828125 0.41259765625 0.0224609375 0.0244140625
1 0.763916015625 0.41748046875 0.02197265625 0.0322265625
1 0.729736328125 0.4169921875 0.01708984375 0.02734375
1 0.67822265625 0.42138671875 0.02734375 0.0341796875
1 0.662841796875 0.42236328125 0.02294921875 0.0341796875
1 0.636474609375 0.4208984375 0.02490234375 0.03515625
1 0.565185546875 0.4208984375 0.01708984375 0.029296875
1 0.57763671875 0.41748046875 0.0224609375 0.0302734375
0 0.444580078125 0.427734375 0.01806640625 0.064453125
1 0.358154296875 0.42724609375 0.01708984375 0.0224609375
1 0.3251953125 0.4296875 0.0146484375 0.017578125
