1 0.585693359375 0.44140625 0.01416015625 0.0625
1 0.6171875 0.39990234375 0.0517578125 0.0712890625
1 0.6015625 0.44482421875 0.0322265625 0.0947265625
1 0.634765625 0.443359375 0.0634765625 0.126953125
1 0.380859375 0.43505859375 0.0166015625 0.0439453125
1 0.36376953125 0.4375 0.0126953125 0.04296875
1 0.3525390625 0.4404296875 0.02734375 0.05078125
1 0.3291015625 0.44384765625 0.033203125 0.0556640625
1 0.308349609375 0.44775390625 0.03564453125 0.0595703125
1 0.28173828125 0.45361328125 0.0419921875 0.0673828125
1 0.249755859375 0.45703125 0.04052734375 0.080078125
1 0.2080078125 0.46142578125 0.072265625 0.0927734375
0 0.371826171875 0.4521484375 0.02490234375 0.09765625
0 0.328369140625 0.45458984375 0.02099609375 0.0986328125
0 0.6943359375 0.38720703125 0.017578125 0.0498046875
1 0.6748046875 0.46435546875 0.109375 0.1572265625
1 0.8408203125 0.51318359375 0.263671875 0.3447265625
