1 0.4755859375 0.4423828125 0.0166015625 0.03125
1 0.427001953125 0.44140625 0.03955078125 0.060546875
1 0.416015625 0.45703125 0.0283203125 0.0546875
1 0.45458984375 0.4541015625 0.0517578125 0.064453125
1 0.587158203125 0.4521484375 0.03369140625 0.080078125
1 0.591552734375 0.45751953125 0.03369140625 0.0869140625
1 0.6181640625 0.46435546875 0.0537109375 0.1298828125
1 0.62646484375 0.47900390625 0.03515625 0.1396484375
1 0.697021484375 0.46923828125 0.14794921875 0.2509765625
1 0.806640625 0.53125 0.2265625 0.32421875
1 0.916748046875 0.61083984375 0.16552734375 0.5576171875
1 0.0498046875 0.53125 0.1005859375 0.25
