1 0.4130859375 0.42919921875 0.0439453125 0.0478515625
1 0.3681640625 0.41748046875 0.064453125 0.0419921875
0 0.30810546875 0.431640625 0.015625 0.04296875
1 0.337158203125 0.46240234375 0.05908203125 0.0986328125
0 0.472412109375 0.43994140625 0.00830078125 0.0498046875
1 0.51318359375 0.4638671875 0.0595703125 0.107421875
1 0.58056640625 0.4404296875 0.0556640625 0.123046875
1 0.64111328125 0.453125 0.0517578125 0.09375
1 0.658447265625 0.46630859375 0.05126953125 0.0888671875
0 0.7041015625 0.42041015625 0.0087890625 0.0185546875
0 0.7275390625 0.44091796875 0.0146484375 0.0771484375
1 0.695068359375 0.47119140625 0.06591796875 0.0986328125
1 0.797119140625 0.486328125 0.12158203125 0.185546875
1 0.883544921875 0.5146484375 0.16162109375 0.21875
1 0.960205078125 0.5009765625 0.07861328125 0.318359375
