1 0.40283203125 0.41845703125 0.021484375 0.0341796875
1 0.3955078125 0.421875 0.0205078125 0.0390625
1 0.387939453125 0.421875 0.01123046875 0.0390625
1 0.37109375 0.42236328125 0.0361328125 0.0693359375
1 0.492919921875 0.41357421875 0.02001953125 0.0400390625
1 0.496826171875 0.4208984375 0.01904296875 0.048828125
1 0.508544921875 0.4248046875 0.02099609375 0.0703125
1 0.542236328125 0.421875 0.06298828125 0.123046875
0 0.62890625 0.38818359375 0.0107421875 0.0517578125
1 0.56103515625 0.44189453125 0.07421875 0.1103515625
1 0.32666015625 0.423828125 0.0732421875 0.08203125
1 0.32763671875 0.4384765625 0.0224609375 0.07421875
1 0.31396484375 0.4404296875 0.044921875 0.08203125
1 0.2666015625 0.44482421875 0.091796875 0.1005859375
1 0.2734375 0.45703125 0.076171875 0.091796875
1 0.239013671875 0.4619140625 0.08544921875 0.111328125
1 0.2021484375 0.46435546875 0.044921875 0.1220703125
1 0.199951171875 0.4794921875 0.03271484375 0.119140625
1 0.125 0.4658203125 0.162109375 0.173828125
1 0.082763671875 0.48095703125 0.14208984375 0.1708984375
1 0.060546875 0.50146484375 0.1220703125 0.1923828125
1 0.034423828125 0.5341796875 0.06982421875 0.197265625
1 0.43896484375 0.44091796875 0.0693359375 0.1142578125
0 0.8916015625 0.35546875 0.0244140625 0.03515625
0 0.846923828125 0.3603515625 0.02392578125 0.03515625
0 0.760009765625 0.35107421875 0.04248046875 0.0869140625
0 0.7353515625 0.345703125 0.0390625 0.08203125
