1 0.38037109375 0.431640625 0.013671875 0.0234375
1 0.369140625 0.435546875 0.0146484375 0.029296875
1 0.355712890625 0.43798828125 0.02978515625 0.0361328125
1 0.52587890625 0.42041015625 0.0087890625 0.0107421875
1 0.515380859375 0.4208984375 0.01123046875 0.015625
1 0.464599609375 0.431640625 0.02294921875 0.02734375
1 0.44091796875 0.4296875 0.0205078125 0.02734375
1 0.325927734375 0.44091796875 0.01416015625 0.0478515625
1 0.07373046875 0.41650390625 0.060546875 0.0439453125
1 0.10888671875 0.455078125 0.0908203125 0.099609375
1 0.569580078125 0.4423828125 0.04150390625 0.060546875
1 0.685302734375 0.48583984375 0.11767578125 0.1669921875
