1 0.45556640625 0.416015625 0.052734375 0.0703125
1 0.37744140625 0.41748046875 0.064453125 0.1240234375
1 0.36474609375 0.447265625 0.052734375 0.095703125
1 0.340576171875 0.45556640625 0.05615234375 0.1064453125
1 0.250732421875 0.439453125 0.14208984375 0.2265625
1 0.145263671875 0.478515625 0.17529296875 0.23828125
1 0.058349609375 0.46142578125 0.11767578125 0.3447265625
1 0.432373046875 0.453125 0.07373046875 0.109375
1 0.615234375 0.42822265625 0.0263671875 0.0400390625
1 0.662841796875 0.4365234375 0.03955078125 0.07421875
1 0.677978515625 0.43994140625 0.03564453125 0.0791015625
1 0.708251953125 0.44287109375 0.06689453125 0.0966796875
1 0.787109375 0.462890625 0.1005859375 0.154296875
1 0.88232421875 0.4775390625 0.1806640625 0.212890625
1 0.5537109375 0.4541015625 0.078125 0.1171875
