1 0.72021484375 0.41943359375 0.01953125 0.0517578125
0 0.56982421875 0.41796875 0.005859375 0.0390625
0 0.574951171875 0.41796875 0.00830078125 0.04296875
1 0.66845703125 0.423828125 0.0263671875 0.03515625
0 0.742431640625 0.4345703125 0.03369140625 0.17578125
0 0.8251953125 0.4013671875 0.0302734375 0.130859375
0 0.79638671875 0.4072265625 0.03125 0.126953125
0 0.9775390625 0.48046875 0.0439453125 0.474609375
0 0.374267578125 0.4521484375 0.04052734375 0.193359375
0 0.37060546875 0.44873046875 0.037109375 0.2119140625
