0 0.20068359375 0.4951171875 0.01171875 0.048828125
0 0.194580078125 0.49609375 0.00927734375 0.041015625
0 0.240478515625 0.49658203125 0.01123046875 0.0419921875
0 0.33251953125 0.4892578125 0.0107421875 0.041015625
0 0.339599609375 0.48876953125 0.01123046875 0.0478515625
0 0.2861328125 0.49169921875 0.0146484375 0.0439453125
0 0.27880859375 0.4892578125 0.0126953125 0.04296875
0 0.45947265625 0.48291015625 0.0185546875 0.0361328125
0 0.52001953125 0.47900390625 0.0078125 0.0283203125
0 0.553466796875 0.47509765625 0.01318359375 0.0263671875
0 0.582763671875 0.501953125 0.01318359375 0.052734375
0 0.67724609375 0.48583984375 0.009765625 0.0302734375
0 0.692626953125 0.48388671875 0.00830078125 0.0283203125
0 0.618896484375 0.49951171875 0.01611328125 0.0576171875
0 0.7509765625 0.486328125 0.0107421875 0.078125
0 0.75732421875 0.48974609375 0.0107421875 0.0732421875
0 0.814208984375 0.4833984375 0.02197265625 0.076171875
1 0.99267578125 0.4931640625 0.013671875 0.048828125
0 0.919921875 0.462890625 0.0419921875 0.125
0 0.872314453125 0.4658203125 0.02197265625 0.12109375
0 0.79638671875 0.478515625 0.021484375 0.10546875
