1 0.222412109375 0.4365234375 0.04833984375 0.03125
1 0.183349609375 0.439453125 0.11572265625 0.064453125
1 0.21435546875 0.47509765625 0.0400390625 0.0517578125
1 0.170654296875 0.458984375 0.07568359375 0.076171875
1 0.120361328125 0.462890625 0.09033203125 0.087890625
1 0.097412109375 0.474609375 0.10791015625 0.107421875
1 0.0517578125 0.47119140625 0.1044921875 0.1025390625
1 0.013427734375 0.49853515625 0.02783203125 0.1201171875
1 0.398681640625 0.43212890625 0.01123046875 0.0185546875
1 0.37548828125 0.43603515625 0.01953125 0.0419921875
1 0.45361328125 0.42724609375 0.0166015625 0.0244140625
1 0.4248046875 0.45263671875 0.060546875 0.0908203125
1 0.306640625 0.4951171875 0.16796875 0.224609375
1 0.5146484375 0.427734375 0.0107421875 0.029296875
1 0.48486328125 0.4296875 0.017578125 0.029296875
1 0.504638671875 0.4326171875 0.02685546875 0.046875
1 0.567138671875 0.44287109375 0.02685546875 0.0751953125
1 0.58984375 0.443359375 0.0498046875 0.083984375
1 0.594482421875 0.4521484375 0.04833984375 0.095703125
0 0.616455078125 0.41064453125 0.01806640625 0.0556640625
0 0.626953125 0.39306640625 0.01171875 0.0322265625
1 0.6376953125 0.4638671875 0.0791015625 0.126953125
1 0.65966796875 0.47705078125 0.0859375 0.1669921875
1 0.7333984375 0.49609375 0.134765625 0.240234375
1 0.855712890625 0.54052734375 0.27099609375 0.3798828125
1 0.9375 0.58154296875 0.1240234375 0.4990234375
