1 0.402099609375 0.44384765625 0.04052734375 0.0654296875
1 0.310791015625 0.45556640625 0.08642578125 0.1240234375
1 0.258544921875 0.48291015625 0.09326171875 0.1279296875
1 0.085205078125 0.498046875 0.17138671875 0.275390625
0 0.460205078125 0.44091796875 0.01611328125 0.0595703125
1 0.51513671875 0.44921875 0.0556640625 0.083984375
1 0.570556640625 0.4267578125 0.04150390625 0.08203125
1 0.57470703125 0.43994140625 0.033203125 0.0673828125
1 0.595947265625 0.44189453125 0.05224609375 0.0888671875
1 0.61083984375 0.447265625 0.0576171875 0.09375
1 0.711669921875 0.458984375 0.17724609375 0.28125
