1 0.58251953125 0.4345703125 0.0263671875 0.01953125
1 0.565185546875 0.435546875 0.01416015625 0.017578125
1 0.5419921875 0.43505859375 0.0185546875 0.0224609375
1 0.551025390625 0.43603515625 0.02685546875 0.0224609375
1 0.484375 0.44140625 0.0458984375 0.03125
1 0.5234375 0.44580078125 0.0263671875 0.0439453125
1 0.428955078125 0.4482421875 0.01318359375 0.0390625
1 0.3935546875 0.447265625 0.0283203125 0.056640625
1 0.38623046875 0.453125 0.021484375 0.052734375
1 0.373779296875 0.453125 0.02685546875 0.056640625
1 0.310546875 0.45947265625 0.0263671875 0.0634765625
1 0.27197265625 0.46728515625 0.0537109375 0.0966796875
1 0.232666015625 0.47802734375 0.07177734375 0.1044921875
1 0.176025390625 0.49560546875 0.08935546875 0.1025390625
1 0.0791015625 0.5166015625 0.1591796875 0.21875
1 0.340087890625 0.4619140625 0.06005859375 0.09375
1 0.41357421875 0.45263671875 0.037109375 0.0556640625
0 0.43505859375 0.4462890625 0.0107421875 0.064453125
