1 0.32275390625 0.4423828125 0.0166015625 0.02734375
1 0.31396484375 0.4423828125 0.0146484375 0.029296875
1 0.303955078125 0.443359375 0.02099609375 0.03125
1 0.293212890625 0.44580078125 0.01416015625 0.0322265625
1 0.283935546875 0.4462890625 0.01806640625 0.033203125
1 0.2744140625 0.44580078125 0.01953125 0.0419921875
1 0.25341796875 0.44921875 0.0322265625 0.0390625
1 0.233642578125 0.443359375 0.03076171875 0.029296875
1 0.2060546875 0.43896484375 0.01953125 0.0185546875
1 0.17431640625 0.4443359375 0.0498046875 0.07421875
1 0.513427734375 0.4267578125 0.01416015625 0.0234375
