1 0.3359375 0.44873046875 0.0234375 0.0341796875
1 0.359375 0.43994140625 0.0302734375 0.0498046875
1 0.31787109375 0.45947265625 0.025390625 0.0498046875
1 0.309326171875 0.46435546875 0.03662109375 0.0556640625
1 0.26904296875 0.4404296875 0.080078125 0.126953125
1 0.232421875 0.4736328125 0.052734375 0.083984375
1 0.2041015625 0.47509765625 0.037109375 0.0888671875
1 0.1435546875 0.48046875 0.1201171875 0.166015625
1 0.03125 0.51025390625 0.0634765625 0.1455078125
0 0.43115234375 0.44091796875 0.005859375 0.0458984375
1 0.541259765625 0.4443359375 0.04052734375 0.05078125
1 0.568359375 0.4384765625 0.0283203125 0.0546875
1 0.587890625 0.45263671875 0.0439453125 0.0791015625
1 0.612060546875 0.45654296875 0.04931640625 0.1044921875
1 0.6689453125 0.4833984375 0.1162109375 0.171875
1 0.908935546875 0.6162109375 0.18115234375 0.5703125
