1 0.50341796875 0.41455078125 0.017578125 0.0361328125
1 0.58837890625 0.4189453125 0.056640625 0.0625
1 0.599853515625 0.4228515625 0.06103515625 0.05859375
1 0.521240234375 0.4462890625 0.06201171875 0.099609375
1 0.449951171875 0.41943359375 0.02978515625 0.0556640625
1 0.4345703125 0.41943359375 0.04296875 0.0537109375
1 0.445068359375 0.42626953125 0.00927734375 0.0380859375
1 0.432861328125 0.43017578125 0.02783203125 0.0576171875
1 0.384521484375 0.4306640625 0.09033203125 0.099609375
1 0.390869140625 0.4453125 0.04345703125 0.078125
1 0.358154296875 0.4404296875 0.05810546875 0.09375
1 0.353271484375 0.44970703125 0.04736328125 0.1123046875
1 0.321044921875 0.4599609375 0.09033203125 0.146484375
1 0.291748046875 0.46533203125 0.03564453125 0.1572265625
1 0.24072265625 0.46875 0.1318359375 0.1953125
1 0.16162109375 0.47998046875 0.130859375 0.2392578125
1 0.079833984375 0.494140625 0.16064453125 0.291015625
1 0.64501953125 0.4345703125 0.064453125 0.09375
1 0.643310546875 0.45556640625 0.04638671875 0.1123046875
1 0.662841796875 0.46044921875 0.03857421875 0.1298828125
1 0.720458984375 0.44384765625 0.12353515625 0.1806640625
1 0.766357421875 0.46875 0.15771484375 0.22265625
1 0.91064453125 0.47265625 0.177734375 0.271484375
1 0.93603515625 0.50927734375 0.126953125 0.3193359375
