1 0.245361328125 0.43896484375 0.11181640625 0.0849609375
1 0.542236328125 0.453125 0.06884765625 0.05859375
1 0.486083984375 0.45361328125 0.07177734375 0.0556640625
1 0.41943359375 0.45361328125 0.0791015625 0.0595703125
1 0.125 0.5107421875 0.2509765625 0.271484375
1 0.744873046875 0.4287109375 0.06103515625 0.0390625
1 0.67724609375 0.4287109375 0.04296875 0.02734375
1 0.72802734375 0.48828125 0.162109375 0.162109375
1 0.77734375 0.45703125 0.0751953125 0.109375
0 0.980224609375 0.3837890625 0.02880859375 0.048828125
1 0.891845703125 0.5126953125 0.21533203125 0.24609375
1 0.924072265625 0.55419921875 0.15087890625 0.2138671875
