1 0.39111328125 0.43310546875 0.0126953125 0.0263671875
1 0.29150390625 0.44189453125 0.03125 0.0361328125
1 0.288818359375 0.4521484375 0.03173828125 0.041015625
1 0.251708984375 0.4404296875 0.03759765625 0.07421875
1 0.235595703125 0.45703125 0.03076171875 0.04296875
1 0.221435546875 0.46142578125 0.01611328125 0.0458984375
1 0.141357421875 0.458984375 0.02587890625 0.072265625
1 0.189208984375 0.44384765625 0.06201171875 0.1181640625
1 0.072265625 0.46728515625 0.0771484375 0.0751953125
1 0.050048828125 0.46875 0.07958984375 0.07421875
1 0.032958984375 0.47314453125 0.06689453125 0.0810546875
1 0.017578125 0.48828125 0.0361328125 0.0625
0 0.204833984375 0.4599609375 0.01611328125 0.10546875
0 0.198974609375 0.46533203125 0.01416015625 0.1083984375
0 0.869384765625 0.41943359375 0.01220703125 0.0830078125
0 0.889892578125 0.41015625 0.02001953125 0.08984375
