1 0.617431640625 0.4423828125 0.02783203125 0.0234375
1 0.57568359375 0.43603515625 0.0205078125 0.0537109375
1 0.57275390625 0.4453125 0.015625 0.044921875
1 0.5537109375 0.42529296875 0.037109375 0.1123046875
1 0.526611328125 0.4375 0.05419921875 0.109375
1 0.51171875 0.453125 0.0478515625 0.1015625
1 0.491455078125 0.46533203125 0.07666015625 0.1259765625
1 0.16259765625 0.60888671875 0.326171875 0.5322265625
1 0.639404296875 0.4462890625 0.02392578125 0.041015625
1 0.6552734375 0.447265625 0.0234375 0.05859375
1 0.673095703125 0.451171875 0.03662109375 0.080078125
1 0.6806640625 0.4560546875 0.029296875 0.078125
1 0.6865234375 0.4599609375 0.0341796875 0.091796875
1 0.698486328125 0.462890625 0.03759765625 0.103515625
1 0.697021484375 0.46630859375 0.02099609375 0.0927734375
1 0.7080078125 0.46728515625 0.037109375 0.1025390625
1 0.734619140625 0.486328125 0.07958984375 0.1953125
1 0.839111328125 0.51806640625 0.22607421875 0.3251953125
1 0.956298828125 0.6171875 0.08642578125 0.36328125
