1 0.23681640625 0.42529296875 0.0234375 0.0302734375
1 0.26025390625 0.43798828125 0.041015625 0.0576171875
1 0.288330078125 0.439453125 0.05615234375 0.060546875
1 0.34228515625 0.43603515625 0.064453125 0.0751953125
1 0.39208984375 0.43994140625 0.0400390625 0.0751953125
1 0.4892578125 0.4208984375 0.025390625 0.0625
1 0.537353515625 0.4453125 0.11181640625 0.095703125
1 0.43896484375 0.44140625 0.099609375 0.138671875
1 0.626220703125 0.443359375 0.13623046875 0.109375
1 0.737548828125 0.42919921875 0.10400390625 0.1650390625
1 0.165771484375 0.48779296875 0.17236328125 0.1748046875
