1 0.19189453125 0.455078125 0.0537109375 0.03125
1 0.365966796875 0.45751953125 0.06689453125 0.0576171875
1 0.551513671875 0.42578125 0.02001953125 0.02734375
1 0.93798828125 0.39892578125 0.0732421875 0.0537109375
1 0.536376953125 0.4453125 0.03271484375 0.056640625
1 0.56689453125 0.44873046875 0.0400390625 0.0771484375
1 0.505126953125 0.4521484375 0.04833984375 0.072265625
1 0.671875 0.4443359375 0.056640625 0.1015625
0 0.681396484375 0.4296875 0.02392578125 0.083984375
1 0.61376953125 0.4716796875 0.087890625 0.125
1 0.888916015625 0.43701171875 0.22119140625 0.3349609375
1 0.77294921875 0.51220703125 0.232421875 0.3115234375
