1 0.498779296875 0.40869140625 0.00927734375 0.0068359375
1 0.510498046875 0.408203125 0.01123046875 0.009765625
1 0.531005859375 0.41162109375 0.01025390625 0.0166015625
1 0.5361328125 0.4228515625 0.0126953125 0.0234375
1 0.541259765625 0.42724609375 0.01611328125 0.0283203125
1 0.541259765625 0.43017578125 0.00830078125 0.0302734375
1 0.548095703125 0.431640625 0.01806640625 0.033203125
1 0.554931640625 0.43115234375 0.02197265625 0.0341796875
1 0.57177734375 0.4404296875 0.029296875 0.052734375
1 0.595458984375 0.44873046875 0.04443359375 0.0791015625
1 0.61279296875 0.45947265625 0.0576171875 0.0849609375
1 0.662841796875 0.48388671875 0.06982421875 0.1513671875
1 0.73291015625 0.49755859375 0.1455078125 0.2001953125
1 0.489013671875 0.412109375 0.00537109375 0.015625
1 0.482666015625 0.4130859375 0.01318359375 0.0234375
1 0.4814453125 0.419921875 0.0107421875 0.0234375
1 0.480224609375 0.42431640625 0.00634765625 0.0146484375
1 0.47119140625 0.4208984375 0.0166015625 0.02734375
1 0.47216796875 0.4267578125 0.0078125 0.0234375
1 0.46875 0.42724609375 0.0078125 0.0224609375
1 0.462158203125 0.42626953125 0.01513671875 0.0263671875
1 0.459228515625 0.4306640625 0.01220703125 0.025390625
1 0.448974609375 0.42578125 0.01904296875 0.044921875
0 0.43603515625 0.41552734375 0.0068359375 0.0283203125
0 0.327880859375 0.4365234375 0.01708984375 0.06640625
