1 0.49365234375 0.4326171875 0.013671875 0.037109375
1 0.48486328125 0.43408203125 0.021484375 0.0400390625
1 0.473876953125 0.43701171875 0.01708984375 0.0458984375
1 0.465576171875 0.43798828125 0.02099609375 0.0498046875
1 0.4423828125 0.43310546875 0.0458984375 0.0673828125
1 0.42041015625 0.443359375 0.029296875 0.05859375
1 0.39697265625 0.4462890625 0.044921875 0.0625
0 0.206787109375 0.46484375 0.02392578125 0.13671875
1 0.55615234375 0.4248046875 0.0224609375 0.029296875
1 0.65576171875 0.40576171875 0.01171875 0.0166015625
1 0.65576171875 0.42529296875 0.017578125 0.0400390625
1 0.660888671875 0.423828125 0.01123046875 0.052734375
1 0.677490234375 0.4169921875 0.03564453125 0.09765625
1 0.6796875 0.43505859375 0.0244140625 0.0830078125
1 0.711181640625 0.42431640625 0.06591796875 0.1357421875
0 0.806884765625 0.40625 0.01806640625 0.10546875
0 0.8232421875 0.4013671875 0.021484375 0.115234375
1 0.91259765625 0.4638671875 0.173828125 0.203125
1 0.52490234375 0.451171875 0.068359375 0.103515625
