1 0.49169921875 0.4169921875 0.02734375 0.0546875
1 0.46142578125 0.44970703125 0.0185546875 0.0556640625
1 0.515380859375 0.45263671875 0.02685546875 0.0673828125
1 0.536376953125 0.44921875 0.05126953125 0.076171875
1 0.4775390625 0.45068359375 0.0361328125 0.0634765625
1 0.642333984375 0.46337890625 0.08642578125 0.1396484375
0 0.800048828125 0.37109375 0.00927734375 0.029296875
1 0.768798828125 0.48681640625 0.19091796875 0.2275390625
1 0.971923828125 0.607421875 0.05517578125 0.26171875
1 0.388427734375 0.43798828125 0.02392578125 0.0302734375
1 0.34228515625 0.44873046875 0.0322265625 0.0458984375
1 0.42041015625 0.43603515625 0.01953125 0.0361328125
1 0.201904296875 0.47802734375 0.03662109375 0.1240234375
1 0.28076171875 0.46826171875 0.138671875 0.1748046875
1 0.10791015625 0.4658203125 0.181640625 0.216796875
1 0.0693359375 0.50048828125 0.1318359375 0.2060546875
1 0.047119140625 0.51806640625 0.09521484375 0.2353515625
