1 0.42138671875 0.4736328125 0.0166015625 0.025390625
1 0.57666015625 0.47705078125 0.0263671875 0.0458984375
1 0.59814453125 0.4814453125 0.03515625 0.0625
1 0.59765625 0.4873046875 0.01953125 0.064453125
1 0.617431640625 0.48828125 0.05029296875 0.07421875
1 0.5498046875 0.48779296875 0.0419921875 0.0791015625
1 0.411865234375 0.4765625 0.01416015625 0.033203125
1 0.396240234375 0.4716796875 0.02685546875 0.048828125
1 0.38037109375 0.48046875 0.0263671875 0.05078125
1 0.36865234375 0.484375 0.0205078125 0.044921875
1 0.3564453125 0.486328125 0.03125 0.052734375
1 0.330810546875 0.4873046875 0.03466796875 0.064453125
1 0.30615234375 0.4921875 0.052734375 0.06640625
0 0.245849609375 0.478515625 0.01513671875 0.076171875
1 0.477783203125 0.5244140625 0.12646484375 0.22265625
1 0.15380859375 0.509765625 0.09375 0.099609375
