1 0.03564453125 0.443359375 0.072265625 0.126953125
1 0.15869140625 0.45068359375 0.0908203125 0.0791015625
1 0.35205078125 0.43359375 0.0205078125 0.03515625
1 0.33349609375 0.43212890625 0.029296875 0.0458984375
1 0.662353515625 0.42529296875 0.03271484375 0.0361328125
1 0.706298828125 0.44580078125 0.05615234375 0.1005859375
1 0.739501953125 0.45458984375 0.07958984375 0.1220703125
1 0.78173828125 0.4619140625 0.083984375 0.1640625
1 0.873779296875 0.46435546875 0.15966796875 0.1865234375
1 0.912109375 0.51416015625 0.0595703125 0.1279296875
1 0.5703125 0.44384765625 0.0546875 0.0849609375
