0 0.100830078125 0.46875 0.01513671875 0.076171875
0 0.116455078125 0.47314453125 0.01416015625 0.0673828125
1 0.1923828125 0.4658203125 0.0205078125 0.02734375
1 0.202880859375 0.46826171875 0.02783203125 0.0361328125
1 0.221923828125 0.46728515625 0.03857421875 0.0380859375
1 0.16357421875 0.4755859375 0.0380859375 0.072265625
1 0.16796875 0.48291015625 0.0478515625 0.0654296875
1 0.274658203125 0.4541015625 0.01220703125 0.0234375
1 0.291748046875 0.46484375 0.03564453125 0.046875
1 0.255615234375 0.46826171875 0.04833984375 0.0693359375
1 0.33544921875 0.46533203125 0.0458984375 0.0478515625
1 0.502685546875 0.4580078125 0.04150390625 0.07421875
1 0.533447265625 0.45947265625 0.06103515625 0.0849609375
1 0.5634765625 0.458984375 0.0576171875 0.095703125
1 0.616943359375 0.4658203125 0.08642578125 0.115234375
1 0.7265625 0.49072265625 0.142578125 0.2529296875
1 0.828857421875 0.5498046875 0.26513671875 0.388671875
1 0.918212890625 0.619140625 0.16259765625 0.5859375
