1 0.814697265625 0.48095703125 0.12841796875 0.1142578125
1 0.9677734375 0.52294921875 0.0634765625 0.1142578125
1 0.46435546875 0.46044921875 0.0283203125 0.0361328125
1 0.53955078125 0.447265625 0.02734375 0.015625
1 0.52294921875 0.45849609375 0.0185546875 0.0361328125
1 0.552734375 0.45263671875 0.009765625 0.0302734375
1 0.502685546875 0.470703125 0.04248046875 0.06640625
0 0.404296875 0.47216796875 0.0107421875 0.0361328125
1 0.249267578125 0.48095703125 0.08154296875 0.0595703125
1 0.3408203125 0.513671875 0.1416015625 0.197265625
1 0.041259765625 0.76806640625 0.08349609375 0.4306640625
0 0.65673828125 0.46240234375 0.0146484375 0.0712890625
