1 0.224365234375 0.41845703125 0.01416015625 0.0166015625
0 0.294189453125 0.42578125 0.00927734375 0.048828125
1 0.327392578125 0.4375 0.02294921875 0.037109375
1 0.333984375 0.43701171875 0.02734375 0.0400390625
1 0.35009765625 0.4384765625 0.0283203125 0.04296875
1 0.368408203125 0.43994140625 0.02978515625 0.0498046875
1 0.39208984375 0.44140625 0.0380859375 0.0546875
1 0.425048828125 0.4453125 0.04150390625 0.060546875
1 0.45361328125 0.44775390625 0.0537109375 0.0654296875
0 0.524658203125 0.435546875 0.01318359375 0.087890625
0 0.53271484375 0.4365234375 0.015625 0.083984375
1 0.77685546875 0.5341796875 0.240234375 0.314453125
1 0.1279296875 0.4248046875 0.029296875 0.05859375
0 0.15380859375 0.4296875 0.015625 0.07421875
0 0.165283203125 0.4296875 0.01318359375 0.0703125
0 0.03173828125 0.4267578125 0.01953125 0.11328125
0 0.013916015625 0.43798828125 0.02392578125 0.1123046875
