1 0.542724609375 0.43798828125 0.01123046875 0.0205078125
1 0.5625 0.4296875 0.041015625 0.05078125
1 0.558837890625 0.43212890625 0.01904296875 0.0361328125
1 0.573486328125 0.43505859375 0.03662109375 0.0517578125
1 0.583740234375 0.431640625 0.03466796875 0.064453125
1 0.591064453125 0.4345703125 0.02587890625 0.0625
1 0.63671875 0.42431640625 0.1005859375 0.1005859375
0 0.73388671875 0.37158203125 0.0107421875 0.0302734375
0 0.765625 0.37939453125 0.0224609375 0.0732421875
1 0.673095703125 0.4453125 0.16162109375 0.142578125
1 0.72412109375 0.44140625 0.1435546875 0.126953125
0 0.90673828125 0.31640625 0.025390625 0.056640625
1 0.4091796875 0.4462890625 0.013671875 0.021484375
1 0.40234375 0.4453125 0.0185546875 0.037109375
1 0.380126953125 0.4453125 0.03662109375 0.041015625
1 0.381103515625 0.4501953125 0.02978515625 0.03125
1 0.370361328125 0.4560546875 0.02490234375 0.03515625
1 0.3662109375 0.455078125 0.0244140625 0.03515625
1 0.34326171875 0.44921875 0.0517578125 0.048828125
1 0.336181640625 0.45458984375 0.04345703125 0.0380859375
1 0.33056640625 0.46142578125 0.0322265625 0.0458984375
1 0.305419921875 0.4599609375 0.03955078125 0.046875
1 0.296142578125 0.4697265625 0.03173828125 0.056640625
1 0.267578125 0.4658203125 0.05078125 0.0546875
1 0.242431640625 0.47607421875 0.04833984375 0.0654296875
1 0.236572265625 0.48779296875 0.03271484375 0.0478515625
1 0.20458984375 0.47509765625 0.078125 0.0732421875
1 0.149169921875 0.48583984375 0.11767578125 0.0986328125
1 0.50244140625 0.435546875 0.0146484375 0.021484375
1 0.493408203125 0.43603515625 0.01025390625 0.0205078125
1 0.5166015625 0.43408203125 0.015625 0.0283203125
1 0.486083984375 0.43359375 0.01416015625 0.037109375
1 0.479248046875 0.43798828125 0.02001953125 0.0361328125
1 0.446533203125 0.4482421875 0.04150390625 0.0703125
1 0.830322265625 0.46630859375 0.24169921875 0.2802734375
1 0.88134765625 0.48291015625 0.236328125 0.3427734375
1 0.02734375 0.54345703125 0.0556640625 0.1025390625
