1 0.296630859375 0.4345703125 0.03955078125 0.025390625
1 0.22216796875 0.46435546875 0.0244140625 0.0439453125
1 0.1953125 0.46337890625 0.0439453125 0.0576171875
1 0.178955078125 0.47119140625 0.02783203125 0.0517578125
1 0.137939453125 0.4560546875 0.04833984375 0.02734375
1 0.10302734375 0.47998046875 0.0615234375 0.0634765625
1 0.147705078125 0.482421875 0.07177734375 0.072265625
0 0.32763671875 0.44091796875 0.0107421875 0.0634765625
0 0.774658203125 0.4169921875 0.02197265625 0.140625
1 0.522705078125 0.4296875 0.03076171875 0.046875
1 0.528076171875 0.4375 0.01708984375 0.048828125
1 0.5361328125 0.43896484375 0.017578125 0.0537109375
1 0.556884765625 0.44677734375 0.04443359375 0.0771484375
1 0.458251953125 0.4296875 0.00634765625 0.015625
1 0.46337890625 0.43017578125 0.0087890625 0.0244140625
1 0.479736328125 0.42626953125 0.00634765625 0.0185546875
1 0.47216796875 0.43212890625 0.01953125 0.0302734375
