1 0.60595703125 0.42041015625 0.0166015625 0.0322265625
0 0.640869140625 0.40185546875 0.00830078125 0.0205078125
0 0.656005859375 0.40234375 0.00439453125 0.01171875
0 0.67724609375 0.421875 0.0078125 0.04296875
0 0.681640625 0.419921875 0.0107421875 0.0625
0 0.694091796875 0.42138671875 0.01513671875 0.0576171875
1 0.650390625 0.43310546875 0.052734375 0.0634765625
0 0.63134765625 0.42919921875 0.0166015625 0.0732421875
1 0.70947265625 0.453125 0.0380859375 0.091796875
1 0.735595703125 0.45458984375 0.04638671875 0.1201171875
1 0.781005859375 0.46435546875 0.10302734375 0.1513671875
1 0.86962890625 0.48828125 0.1650390625 0.19140625
1 0.51904296875 0.4189453125 0.009765625 0.017578125
1 0.500732421875 0.4228515625 0.01806640625 0.025390625
1 0.511474609375 0.42041015625 0.01318359375 0.0244140625
1 0.489990234375 0.4248046875 0.01318359375 0.02734375
1 0.480712890625 0.42724609375 0.01318359375 0.0263671875
1 0.4697265625 0.42919921875 0.0205078125 0.0283203125
1 0.567626953125 0.44384765625 0.02392578125 0.0751953125
1 0.542236328125 0.46240234375 0.07861328125 0.1181640625
1 0.013671875 0.56689453125 0.0283203125 0.2568359375
1 0.338134765625 0.4423828125 0.07275390625 0.1171875
1 0.26171875 0.48486328125 0.111328125 0.1416015625
