1 0.16552734375 0.44140625 0.0234375 0.021484375
1 0.186279296875 0.43701171875 0.03173828125 0.0166015625
1 0.25634765625 0.42724609375 0.02734375 0.0166015625
1 0.289306640625 0.42333984375 0.02392578125 0.0146484375
1 0.359619140625 0.41357421875 0.07861328125 0.0322265625
0 0.50439453125 0.3798828125 0.00390625 0.01953125
0 0.5107421875 0.380859375 0.0029296875 0.017578125
1 0.572998046875 0.3779296875 0.01416015625 0.021484375
1 0.59912109375 0.404296875 0.048828125 0.083984375
1 0.60009765625 0.42236328125 0.0234375 0.0908203125
1 0.6259765625 0.4267578125 0.0537109375 0.111328125
1 0.65673828125 0.43408203125 0.072265625 0.1220703125
1 0.74560546875 0.45361328125 0.154296875 0.2099609375
