1 0.63232421875 0.44775390625 0.0234375 0.0341796875
1 0.60888671875 0.4482421875 0.0224609375 0.041015625
1 0.595703125 0.44921875 0.033203125 0.0390625
1 0.568603515625 0.44970703125 0.03076171875 0.0498046875
1 0.542236328125 0.45166015625 0.03564453125 0.0537109375
1 0.517822265625 0.451171875 0.03173828125 0.06640625
1 0.446044921875 0.45458984375 0.04638671875 0.0693359375
1 0.48046875 0.4580078125 0.072265625 0.091796875
1 0.392822265625 0.44482421875 0.05810546875 0.0537109375
1 0.37548828125 0.474609375 0.0947265625 0.099609375
1 0.222900390625 0.478515625 0.19287109375 0.134765625
0 0.049560546875 0.4501953125 0.02197265625 0.134765625
0 0.086181640625 0.4501953125 0.02197265625 0.119140625
0 0.070068359375 0.443359375 0.02099609375 0.13671875
1 0.758544921875 0.447265625 0.02783203125 0.05859375
1 0.799560546875 0.4580078125 0.06201171875 0.087890625
1 0.9423828125 0.490234375 0.1142578125 0.166015625
1 0.667236328125 0.45166015625 0.04638671875 0.0634765625
1 0.7294921875 0.466796875 0.0712890625 0.11328125
