1 0.6669921875 0.490234375 0.009765625 0.017578125
0 0.67724609375 0.4755859375 0.0048828125 0.046875
0 0.681396484375 0.48486328125 0.00537109375 0.0302734375
0 0.678955078125 0.47998046875 0.00927734375 0.0458984375
1 0.4599609375 0.48828125 0.0234375 0.025390625
1 0.4462890625 0.48974609375 0.025390625 0.0244140625
1 0.430419921875 0.4892578125 0.02392578125 0.02734375
1 0.42041015625 0.4912109375 0.01953125 0.025390625
1 0.474609375 0.484375 0.0185546875 0.037109375
0 0.065673828125 0.4697265625 0.01708984375 0.06640625
0 0.017333984375 0.46923828125 0.01123046875 0.0654296875
0 0.009765625 0.4697265625 0.015625 0.068359375
