1 0.27783203125 0.47802734375 0.0458984375 0.0615234375
1 0.45751953125 0.44873046875 0.015625 0.0185546875
1 0.470458984375 0.4482421875 0.01416015625 0.0234375
1 0.44384765625 0.4482421875 0.009765625 0.02734375
1 0.397216796875 0.4599609375 0.02197265625 0.029296875
1 0.41748046875 0.46142578125 0.0234375 0.0341796875
1 0.544677734375 0.45361328125 0.01123046875 0.0244140625
1 0.556396484375 0.45947265625 0.02001953125 0.0341796875
1 0.5751953125 0.46337890625 0.03125 0.0498046875
1 0.518310546875 0.48046875 0.06884765625 0.10546875
1 0.654296875 0.47705078125 0.0908203125 0.1474609375
1 0.85009765625 0.55810546875 0.27734375 0.3134765625
1 0.3330078125 0.484375 0.0859375 0.123046875
1 0.165283203125 0.513671875 0.18017578125 0.24609375
1 0.03564453125 0.56591796875 0.072265625 0.2685546875
