1 0.478759765625 0.44482421875 0.01904296875 0.0283203125
1 0.500732421875 0.4443359375 0.02392578125 0.029296875
0 0.576904296875 0.4375 0.00927734375 0.0390625
0 0.6591796875 0.41455078125 0.009765625 0.0185546875
0 0.720947265625 0.44140625 0.01416015625 0.060546875
0 0.708251953125 0.44775390625 0.01611328125 0.0927734375
1 0.62109375 0.46728515625 0.123046875 0.1103515625
1 0.537353515625 0.45849609375 0.04248046875 0.0634765625
0 0.398681640625 0.44189453125 0.01025390625 0.0634765625
0 0.40625 0.44873046875 0.0078125 0.0595703125
0 0.384033203125 0.45068359375 0.01220703125 0.0517578125
0 0.109130859375 0.44873046875 0.02392578125 0.0966796875
