1 0.470947265625 0.44873046875 0.01904296875 0.0517578125
1 0.446533203125 0.4482421875 0.04345703125 0.076171875
1 0.40869140625 0.46630859375 0.0595703125 0.1044921875
1 0.220458984375 0.51513671875 0.12744140625 0.2119140625
1 0.102294921875 0.5419921875 0.17333984375 0.298828125
1 0.035888671875 0.576171875 0.07275390625 0.369140625
1 0.345458984375 0.47900390625 0.08349609375 0.1357421875
1 0.566650390625 0.43701171875 0.03564453125 0.0244140625
1 0.541748046875 0.44775390625 0.02587890625 0.0224609375
1 0.52685546875 0.4482421875 0.013671875 0.021484375
1 0.5126953125 0.44482421875 0.0205078125 0.0380859375
1 0.57763671875 0.4521484375 0.0185546875 0.04296875
1 0.5869140625 0.45703125 0.015625 0.048828125
1 0.594482421875 0.45751953125 0.01416015625 0.0537109375
1 0.60009765625 0.4609375 0.0205078125 0.072265625
1 0.61279296875 0.46435546875 0.03515625 0.0791015625
1 0.62890625 0.47607421875 0.0341796875 0.1044921875
1 0.674560546875 0.46044921875 0.09521484375 0.1728515625
1 0.75 0.5087890625 0.1396484375 0.1953125
1 0.88623046875 0.57373046875 0.2265625 0.4033203125
1 0.98291015625 0.73828125 0.033203125 0.36328125
