0 0.607177734375 0.4296875 0.01025390625 0.064453125
0 0.5966796875 0.4306640625 0.0107421875 0.060546875
0 0.620361328125 0.431640625 0.01220703125 0.060546875
0 0.602294921875 0.435546875 0.01025390625 0.05859375
0 0.676025390625 0.431640625 0.01513671875 0.09765625
0 0.692626953125 0.42919921875 0.01904296875 0.1025390625
0 0.712158203125 0.42236328125 0.02392578125 0.1103515625
1 0.486083984375 0.42431640625 0.01806640625 0.0126953125
1 0.490966796875 0.43017578125 0.01513671875 0.0166015625
1 0.4765625 0.43359375 0.01171875 0.017578125
1 0.486328125 0.435546875 0.0166015625 0.029296875
0 0.3173828125 0.43359375 0.0078125 0.044921875
