1 0.475341796875 0.42578125 0.01220703125 0.015625
1 0.489501953125 0.416015625 0.00634765625 0.009765625
1 0.5 0.4228515625 0.009765625 0.015625
0 0.546875 0.42724609375 0.0068359375 0.0478515625
0 0.544677734375 0.42626953125 0.00732421875 0.0517578125
0 0.614501953125 0.42822265625 0.01611328125 0.0908203125
0 0.634033203125 0.41943359375 0.01904296875 0.0966796875
1 0.46142578125 0.42919921875 0.0146484375 0.0283203125
1 0.09033203125 0.47021484375 0.0849609375 0.0576171875
0 0.433837890625 0.41748046875 0.01220703125 0.0302734375
0 0.416259765625 0.40869140625 0.03173828125 0.0576171875
1 0.49560546875 0.42919921875 0.0087890625 0.0185546875
1 0.489013671875 0.4306640625 0.01708984375 0.02734375
