1 0.315673828125 0.43701171875 0.01513671875 0.0244140625
1 0.33154296875 0.4365234375 0.02734375 0.02734375
1 0.342041015625 0.43994140625 0.02783203125 0.0244140625
1 0.368896484375 0.43701171875 0.04638671875 0.0380859375
1 0.367431640625 0.439453125 0.02392578125 0.025390625
1 0.3828125 0.43896484375 0.0283203125 0.0283203125
1 0.3916015625 0.44287109375 0.0205078125 0.0361328125
1 0.40576171875 0.44189453125 0.021484375 0.0380859375
1 0.42529296875 0.44189453125 0.0361328125 0.0380859375
1 0.437744140625 0.44189453125 0.03076171875 0.0361328125
1 0.45849609375 0.44140625 0.0478515625 0.037109375
1 0.522705078125 0.43310546875 0.03759765625 0.0263671875
0 0.679931640625 0.4140625 0.00927734375 0.021484375
1 0.62109375 0.44580078125 0.0634765625 0.0634765625
1 0.650634765625 0.447265625 0.09912109375 0.080078125
1 0.98583984375 0.44482421875 0.02734375 0.0478515625
1 0.876953125 0.44580078125 0.05078125 0.0537109375
0 0.842041015625 0.4296875 0.00830078125 0.064453125
1 0.207275390625 0.42529296875 0.04833984375 0.0244140625
