1 0.583984375 0.4443359375 0.01171875 0.021484375
1 0.59033203125 0.44580078125 0.0087890625 0.0322265625
1 0.554443359375 0.447265625 0.01904296875 0.021484375
1 0.571044921875 0.4443359375 0.00927734375 0.017578125
1 0.4814453125 0.4482421875 0.025390625 0.041015625
1 0.460693359375 0.45068359375 0.03076171875 0.0458984375
1 0.448974609375 0.45166015625 0.01806640625 0.0478515625
1 0.40283203125 0.4091796875 0.0693359375 0.095703125
1 0.34619140625 0.46728515625 0.0546875 0.0966796875
1 0.296630859375 0.48486328125 0.10009765625 0.1240234375
1 0.206298828125 0.50341796875 0.12255859375 0.1669921875
1 0.099853515625 0.51220703125 0.15576171875 0.2275390625
1 0.0419921875 0.53466796875 0.0849609375 0.2412109375
1 0.408935546875 0.48046875 0.10107421875 0.142578125
0 0.921630859375 0.3408203125 0.02978515625 0.060546875
1 0.73828125 0.5068359375 0.1396484375 0.23046875
1 0.875732421875 0.57958984375 0.24755859375 0.4521484375
