1 0.5078125 0.44091796875 0.0244140625 0.0224609375
1 0.486083984375 0.4404296875 0.02001953125 0.01953125
1 0.460693359375 0.4404296875 0.01416015625 0.02734375
1 0.427978515625 0.43994140625 0.02294921875 0.0478515625
1 0.4091796875 0.443359375 0.0322265625 0.0625
1 0.404541015625 0.45068359375 0.03271484375 0.0517578125
1 0.378662109375 0.45703125 0.02783203125 0.068359375
1 0.3681640625 0.4638671875 0.03515625 0.08203125
1 0.333251953125 0.46533203125 0.05517578125 0.0947265625
1 0.27880859375 0.48388671875 0.0791015625 0.1201171875
0 0.220458984375 0.41357421875 0.02001953125 0.0458984375
1 0.22216796875 0.50244140625 0.1416015625 0.1533203125
1 0.55029296875 0.43603515625 0.015625 0.0419921875
1 0.56298828125 0.435546875 0.0263671875 0.076171875
1 0.5703125 0.4375 0.0244140625 0.064453125
1 0.59716796875 0.44775390625 0.04296875 0.0888671875
1 0.623046875 0.43994140625 0.052734375 0.0751953125
1 0.633544921875 0.46435546875 0.05029296875 0.1240234375
1 0.716552734375 0.48095703125 0.07080078125 0.1884765625
1 0.753662109375 0.48828125 0.11767578125 0.23046875
1 0.837158203125 0.4736328125 0.19580078125 0.240234375
1 0.9091796875 0.53955078125 0.1806640625 0.4814453125
