1 0.470703125 0.43798828125 0.01171875 0.0302734375
1 0.4765625 0.43994140625 0.013671875 0.0302734375
1 0.484130859375 0.4384765625 0.01123046875 0.03515625
1 0.491455078125 0.43896484375 0.01708984375 0.0380859375
1 0.50390625 0.43994140625 0.025390625 0.0400390625
1 0.521728515625 0.43896484375 0.02099609375 0.0498046875
1 0.53564453125 0.443359375 0.0244140625 0.041015625
0 0.56298828125 0.43212890625 0.0087890625 0.0498046875
0 0.594482421875 0.4501953125 0.03857421875 0.166015625
0 0.549560546875 0.4404296875 0.02587890625 0.177734375
0 0.537841796875 0.4462890625 0.04443359375 0.1796875
1 0.46044921875 0.44384765625 0.021484375 0.0537109375
1 0.453857421875 0.44677734375 0.01708984375 0.0556640625
1 0.447998046875 0.44873046875 0.02001953125 0.0673828125
1 0.4287109375 0.44677734375 0.04296875 0.0791015625
1 0.428466796875 0.45556640625 0.04052734375 0.0888671875
1 0.400634765625 0.46435546875 0.08154296875 0.1005859375
0 0.360107421875 0.42626953125 0.02099609375 0.0771484375
1 0.312744140625 0.49755859375 0.13330078125 0.2177734375
1 0.155029296875 0.5361328125 0.31103515625 0.544921875
1 0.03857421875 0.810546875 0.078125 0.376953125
