1 0.1298828125 0.4443359375 0.0146484375 0.048828125
1 0.216064453125 0.4521484375 0.07373046875 0.041015625
1 0.394775390625 0.439453125 0.03662109375 0.03125
0 0.525634765625 0.40869140625 0.00927734375 0.0166015625
1 0.5283203125 0.42626953125 0.0458984375 0.0341796875
1 0.51806640625 0.44873046875 0.052734375 0.0634765625
1 0.566162109375 0.44921875 0.06298828125 0.076171875
1 0.63134765625 0.4443359375 0.060546875 0.10546875
1 0.41796875 0.451171875 0.052734375 0.0625
0 0.70263671875 0.45166015625 0.04296875 0.1396484375
1 0.892333984375 0.55712890625 0.21435546875 0.4599609375
