1 0.531982421875 0.44921875 0.01318359375 0.0234375
1 0.548583984375 0.4560546875 0.01416015625 0.021484375
1 0.592041015625 0.4580078125 0.01806640625 0.0390625
1 0.602783203125 0.462890625 0.02099609375 0.041015625
1 0.60888671875 0.466796875 0.0224609375 0.048828125
1 0.625 0.470703125 0.0400390625 0.05078125
1 0.412109375 0.4619140625 0.0390625 0.044921875
1 0.323486328125 0.49365234375 0.08447265625 0.1103515625
1 0.522705078125 0.4580078125 0.01806640625 0.033203125
1 0.55908203125 0.4638671875 0.025390625 0.037109375
1 0.05615234375 0.541015625 0.11328125 0.23046875
