1 0.431884765625 0.42333984375 0.01318359375 0.0224609375
1 0.48291015625 0.42041015625 0.0087890625 0.0126953125
0 0.540771484375 0.42626953125 0.00537109375 0.0283203125
1 0.501220703125 0.42578125 0.02392578125 0.03515625
1 0.419189453125 0.42724609375 0.01904296875 0.0302734375
1 0.445068359375 0.423828125 0.02197265625 0.037109375
1 0.3740234375 0.4345703125 0.0078125 0.037109375
1 0.36474609375 0.43408203125 0.0185546875 0.0419921875
1 0.359130859375 0.43603515625 0.01220703125 0.0439453125
1 0.34375 0.43505859375 0.0302734375 0.0556640625
1 0.337890625 0.43994140625 0.0166015625 0.0537109375
1 0.32080078125 0.4404296875 0.033203125 0.0625
1 0.296875 0.4501953125 0.037109375 0.0703125
0 0.22509765625 0.43701171875 0.0126953125 0.0791015625
0 0.121337890625 0.45947265625 0.02099609375 0.1103515625
1 0.551513671875 0.43017578125 0.01806640625 0.0439453125
1 0.561279296875 0.43115234375 0.02099609375 0.0478515625
1 0.569091796875 0.43310546875 0.02197265625 0.0517578125
1 0.5849609375 0.43505859375 0.037109375 0.0615234375
1 0.596435546875 0.4375 0.03271484375 0.064453125
1 0.766845703125 0.494140625 0.21630859375 0.3203125
