1 0.552734375 0.43212890625 0.015625 0.0205078125
1 0.561279296875 0.43701171875 0.02587890625 0.0380859375
1 0.5751953125 0.439453125 0.0341796875 0.046875
1 0.59423828125 0.4443359375 0.0419921875 0.0546875
1 0.618896484375 0.4375 0.06298828125 0.1015625
1 0.7578125 0.470703125 0.2451171875 0.166015625
1 0.8837890625 0.51318359375 0.2314453125 0.3134765625
1 0.51416015625 0.4365234375 0.046875 0.041015625
1 0.46484375 0.44189453125 0.0107421875 0.0341796875
1 0.453369140625 0.4365234375 0.02294921875 0.041015625
1 0.08935546875 0.51806640625 0.1796875 0.2822265625
