1 0.5537109375 0.4326171875 0.0439453125 0.0390625
1 0.603759765625 0.431640625 0.02587890625 0.041015625
1 0.62841796875 0.43798828125 0.0126953125 0.0263671875
1 0.430419921875 0.4365234375 0.03857421875 0.0390625
1 0.382568359375 0.46435546875 0.07373046875 0.1376953125
0 0.239990234375 0.40087890625 0.01220703125 0.0302734375
1 0.310546875 0.50439453125 0.1494140625 0.2353515625
1 0.204833984375 0.5595703125 0.20947265625 0.32421875
1 0.109130859375 0.65283203125 0.21923828125 0.6103515625
1 0.563720703125 0.44482421875 0.02587890625 0.0498046875
1 0.58203125 0.44921875 0.0439453125 0.05859375
1 0.690185546875 0.44580078125 0.03662109375 0.0966796875
1 0.708984375 0.50244140625 0.083984375 0.2275390625
1 0.805419921875 0.5244140625 0.20263671875 0.298828125
