1 0.0908203125 0.44921875 0.041015625 0.052734375
1 0.067138671875 0.4736328125 0.07861328125 0.095703125
1 0.025146484375 0.4541015625 0.05126953125 0.154296875
0 0.300048828125 0.43505859375 0.01025390625 0.0478515625
1 0.312744140625 0.4462890625 0.02587890625 0.037109375
1 0.82666015625 0.45654296875 0.0771484375 0.1533203125
1 0.923095703125 0.49462890625 0.13525390625 0.1572265625
1 0.970458984375 0.51318359375 0.05810546875 0.1708984375
1 0.5791015625 0.46240234375 0.046875 0.0771484375
1 0.5439453125 0.46533203125 0.0439453125 0.0927734375
1 0.4912109375 0.484375 0.123046875 0.216796875
0 0.6630859375 0.44677734375 0.0126953125 0.0537109375
1 0.73193359375 0.5185546875 0.1630859375 0.240234375
