1 0.2294921875 0.490234375 0.123046875 0.14453125
0 0.32763671875 0.44140625 0.009765625 0.0546875
1 0.4638671875 0.44189453125 0.015625 0.0224609375
1 0.477294921875 0.443359375 0.01708984375 0.029296875
1 0.441650390625 0.4560546875 0.05029296875 0.087890625
1 0.378662109375 0.47021484375 0.09130859375 0.1611328125
1 0.542236328125 0.45947265625 0.02294921875 0.0791015625
1 0.509033203125 0.4775390625 0.08154296875 0.125
0 0.5732421875 0.4375 0.0078125 0.033203125
0 0.754150390625 0.45703125 0.01318359375 0.103515625
0 0.76123046875 0.4501953125 0.013671875 0.11328125
0 0.81201171875 0.44287109375 0.0146484375 0.1240234375
0 0.8408203125 0.45166015625 0.0244140625 0.1123046875
1 0.60693359375 0.46142578125 0.0556640625 0.1025390625
1 0.654296875 0.48876953125 0.1142578125 0.1552734375
