0 0.259033203125 0.43310546875 0.00830078125 0.0263671875
1 0.251220703125 0.46337890625 0.05224609375 0.0576171875
1 0.361572265625 0.45361328125 0.02880859375 0.0380859375
1 0.647705078125 0.45654296875 0.02197265625 0.0712890625
1 0.57470703125 0.447265625 0.04296875 0.076171875
1 0.516845703125 0.40673828125 0.06005859375 0.0927734375
1 0.614990234375 0.4609375 0.07373046875 0.11328125
0 0.99609375 0.4541015625 0.0068359375 0.109375
0 0.986083984375 0.4541015625 0.02587890625 0.11328125
0 0.955810546875 0.453125 0.02880859375 0.119140625
0 0.943603515625 0.462890625 0.02099609375 0.095703125
1 0.507080078125 0.48779296875 0.09912109375 0.1630859375
