1 0.59033203125 0.443359375 0.017578125 0.041015625
1 0.602783203125 0.455078125 0.03466796875 0.064453125
1 0.469970703125 0.4423828125 0.01025390625 0.046875
1 0.45458984375 0.4375 0.029296875 0.06640625
1 0.43994140625 0.4482421875 0.037109375 0.05859375
1 0.414794921875 0.455078125 0.02099609375 0.0703125
1 0.40478515625 0.46240234375 0.025390625 0.0947265625
1 0.36962890625 0.45556640625 0.0771484375 0.1376953125
1 0.330810546875 0.47509765625 0.09912109375 0.1337890625
1 0.568115234375 0.4560546875 0.04638671875 0.076171875
1 0.608642578125 0.47607421875 0.00634765625 0.0478515625
1 0.640625 0.45703125 0.06640625 0.11328125
1 0.68603515625 0.47705078125 0.06640625 0.1337890625
1 0.7529296875 0.49853515625 0.1171875 0.1865234375
1 0.86865234375 0.53662109375 0.2294921875 0.2763671875
1 0.96923828125 0.66552734375 0.060546875 0.2607421875
