1 0.252685546875 0.45849609375 0.05908203125 0.0732421875
1 0.2587890625 0.46240234375 0.0576171875 0.0615234375
1 0.2197265625 0.4716796875 0.0615234375 0.08203125
1 0.20068359375 0.4775390625 0.0361328125 0.0859375
1 0.149169921875 0.46728515625 0.08837890625 0.1220703125
1 0.156494140625 0.4853515625 0.04150390625 0.107421875
1 0.083251953125 0.4755859375 0.14892578125 0.126953125
1 0.016845703125 0.51123046875 0.03466796875 0.1435546875
1 0.428466796875 0.43701171875 0.01318359375 0.0263671875
1 0.42626953125 0.4423828125 0.009765625 0.025390625
1 0.416015625 0.43798828125 0.0166015625 0.0400390625
1 0.385498046875 0.43994140625 0.05224609375 0.0380859375
1 0.445556640625 0.43896484375 0.02587890625 0.0478515625
1 0.684814453125 0.4287109375 0.15869140625 0.1640625
1 0.6708984375 0.4599609375 0.068359375 0.10546875
1 0.694580078125 0.4599609375 0.05517578125 0.115234375
1 0.7001953125 0.46337890625 0.0498046875 0.1083984375
1 0.77197265625 0.46923828125 0.083984375 0.1494140625
1 0.78955078125 0.4814453125 0.099609375 0.171875
1 0.861083984375 0.48388671875 0.11865234375 0.2080078125
1 0.91943359375 0.50439453125 0.16015625 0.2646484375
