0 0.6953125 0.40576171875 0.0146484375 0.0869140625
0 0.678466796875 0.41259765625 0.01318359375 0.0771484375
1 0.594970703125 0.41015625 0.03759765625 0.0703125
1 0.522705078125 0.3720703125 0.02294921875 0.0234375
1 0.51611328125 0.3876953125 0.0185546875 0.025390625
1 0.33740234375 0.421875 0.02734375 0.046875
1 0.3134765625 0.42431640625 0.02734375 0.0537109375
1 0.2861328125 0.423828125 0.0546875 0.0703125
1 0.210693359375 0.41455078125 0.01806640625 0.0361328125
1 0.390625 0.45849609375 0.1201171875 0.1669921875
1 0.229736328125 0.4248046875 0.04736328125 0.072265625
1 0.142333984375 0.60595703125 0.28564453125 0.5986328125
