1 0.283203125 0.4248046875 0.04296875 0.033203125
1 0.251953125 0.42919921875 0.0419921875 0.0341796875
1 0.216552734375 0.4267578125 0.04248046875 0.029296875
1 0.018310546875 0.44873046875 0.03759765625 0.0595703125
1 0.64013671875 0.419921875 0.021484375 0.052734375
1 0.6875 0.37939453125 0.0400390625 0.0205078125
1 0.64794921875 0.447265625 0.02734375 0.134765625
0 0.762939453125 0.35107421875 0.02294921875 0.0380859375
0 0.821044921875 0.34375 0.03271484375 0.041015625
0 0.859619140625 0.35107421875 0.02099609375 0.0322265625
1 0.66845703125 0.4580078125 0.0654296875 0.166015625
1 0.6953125 0.4755859375 0.095703125 0.208984375
1 0.806396484375 0.50732421875 0.23193359375 0.3095703125
1 0.540283203125 0.41162109375 0.01416015625 0.0205078125
1 0.52880859375 0.4140625 0.0126953125 0.01953125
1 0.51953125 0.41455078125 0.015625 0.0205078125
1 0.50732421875 0.4150390625 0.015625 0.0234375
1 0.5 0.41552734375 0.01171875 0.0224609375
1 0.4892578125 0.41552734375 0.017578125 0.0244140625
1 0.472900390625 0.41796875 0.02001953125 0.02734375
1 0.461669921875 0.419921875 0.01708984375 0.02734375
1 0.44873046875 0.41943359375 0.01953125 0.0263671875
1 0.43798828125 0.4208984375 0.013671875 0.029296875
1 0.604736328125 0.416015625 0.02783203125 0.0546875
1 0.586669921875 0.416015625 0.03466796875 0.064453125
1 0.56591796875 0.4189453125 0.0458984375 0.072265625
