1 0.234375 0.46240234375 0.0478515625 0.0751953125
1 0.195068359375 0.46826171875 0.05419921875 0.0869140625
1 0.15185546875 0.474609375 0.0615234375 0.09765625
1 0.094970703125 0.48046875 0.08154296875 0.11328125
1 0.034912109375 0.4912109375 0.07080078125 0.134765625
1 0.40771484375 0.43603515625 0.01171875 0.0263671875
1 0.400634765625 0.435546875 0.01318359375 0.03125
1 0.39013671875 0.4345703125 0.0029296875 0.0234375
1 0.3818359375 0.43798828125 0.0166015625 0.0322265625
1 0.372314453125 0.4404296875 0.02001953125 0.0390625
1 0.36572265625 0.44482421875 0.021484375 0.0400390625
1 0.3505859375 0.4462890625 0.0244140625 0.04296875
1 0.4404296875 0.431640625 0.005859375 0.01953125
1 0.428466796875 0.4345703125 0.02294921875 0.037109375
1 0.912841796875 0.57861328125 0.17333984375 0.5341796875
1 0.462646484375 0.4296875 0.01318359375 0.017578125
1 0.497802734375 0.42626953125 0.01025390625 0.0146484375
1 0.4833984375 0.42822265625 0.0087890625 0.0107421875
1 0.49072265625 0.42822265625 0.0078125 0.0126953125
1 0.4755859375 0.427734375 0.009765625 0.01171875
1 0.507080078125 0.427734375 0.00927734375 0.013671875
1 0.52294921875 0.423828125 0.009765625 0.021484375
1 0.548828125 0.4375 0.01171875 0.037109375
1 0.554931640625 0.44091796875 0.01904296875 0.0400390625
1 0.556640625 0.44482421875 0.0146484375 0.0400390625
1 0.568603515625 0.4462890625 0.02490234375 0.05078125
1 0.574951171875 0.44970703125 0.01611328125 0.0576171875
1 0.5849609375 0.4560546875 0.0302734375 0.080078125
1 0.63427734375 0.4599609375 0.08984375 0.15625
1 0.66064453125 0.47412109375 0.0791015625 0.1669921875
1 0.513671875 0.4306640625 0.0146484375 0.0234375
