1 0.34619140625 0.45263671875 0.017578125 0.0517578125
1 0.3330078125 0.45458984375 0.0322265625 0.0576171875
1 0.30908203125 0.458984375 0.0341796875 0.068359375
1 0.28466796875 0.45849609375 0.0458984375 0.0849609375
1 0.250732421875 0.466796875 0.04638671875 0.083984375
1 0.198486328125 0.474609375 0.08349609375 0.099609375
1 0.552001953125 0.44091796875 0.01416015625 0.0380859375
1 0.42138671875 0.4384765625 0.0224609375 0.033203125
1 0.4013671875 0.4384765625 0.03515625 0.033203125
1 0.515869140625 0.47265625 0.08837890625 0.13671875
1 0.625 0.43212890625 0.017578125 0.0322265625
1 0.60205078125 0.447265625 0.04296875 0.060546875
1 0.658203125 0.45654296875 0.0888671875 0.1396484375
1 0.752685546875 0.50146484375 0.15478515625 0.1943359375
