0 0.371337890625 0.42236328125 0.00634765625 0.0166015625
0 0.3837890625 0.41748046875 0.0107421875 0.0205078125
1 0.461669921875 0.439453125 0.02099609375 0.04296875
1 0.448486328125 0.43701171875 0.03369140625 0.0654296875
1 0.434326171875 0.45068359375 0.03173828125 0.0634765625
1 0.419677734375 0.45947265625 0.03564453125 0.0693359375
1 0.389404296875 0.46923828125 0.06201171875 0.0966796875
1 0.315673828125 0.49609375 0.10400390625 0.15234375
1 0.1484375 0.5341796875 0.2578125 0.337890625
1 0.619140625 0.44189453125 0.09375 0.0947265625
1 0.60888671875 0.4541015625 0.0478515625 0.08203125
1 0.654296875 0.47119140625 0.06640625 0.1103515625
1 0.71435546875 0.4833984375 0.130859375 0.138671875
1 0.880615234375 0.50146484375 0.21923828125 0.2412109375
1 0.916259765625 0.5546875 0.15087890625 0.240234375
1 0.96435546875 0.595703125 0.0673828125 0.3984375
