1 0.583251953125 0.3818359375 0.02197265625 0.044921875
1 0.600341796875 0.388671875 0.03662109375 0.056640625
0 0.64111328125 0.373046875 0.0087890625 0.04296875
0 0.649169921875 0.373046875 0.00927734375 0.04296875
0 0.68896484375 0.37841796875 0.01171875 0.0498046875
1 0.606689453125 0.40625 0.04638671875 0.076171875
0 0.766845703125 0.392578125 0.01708984375 0.068359375
0 0.794189453125 0.3779296875 0.01220703125 0.05859375
0 0.80322265625 0.427734375 0.0126953125 0.126953125
0 0.799072265625 0.4267578125 0.02490234375 0.1328125
0 0.7021484375 0.4326171875 0.0166015625 0.146484375
0 0.717041015625 0.43310546875 0.03857421875 0.1689453125
0 0.934326171875 0.40234375 0.01611328125 0.087890625
0 0.9697265625 0.431640625 0.0361328125 0.251953125
0 0.973388671875 0.3173828125 0.03076171875 0.09765625
0 0.987060546875 0.45166015625 0.02294921875 0.2314453125
0 0.959716796875 0.49169921875 0.07763671875 0.3134765625
0 0.66943359375 0.4599609375 0.060546875 0.3203125
1 0.484619140625 0.37744140625 0.02490234375 0.0400390625
0 0.42529296875 0.37841796875 0.005859375 0.0478515625
0 0.41748046875 0.380859375 0.0048828125 0.041015625
0 0.396728515625 0.36865234375 0.00634765625 0.0302734375
0 0.408203125 0.38330078125 0.0107421875 0.0556640625
0 0.398681640625 0.3974609375 0.01025390625 0.0625
0 0.3857421875 0.3857421875 0.0087890625 0.048828125
0 0.496337890625 0.42919921875 0.03173828125 0.2001953125
0 0.501708984375 0.44873046875 0.04736328125 0.2138671875
0 0.5205078125 0.42578125 0.048828125 0.251953125
0 0.572265625 0.62939453125 0.0390625 0.1220703125
0 0.56884765625 0.5009765625 0.099609375 0.404296875
0 0.288330078125 0.37060546875 0.00830078125 0.0244140625
0 0.277099609375 0.37158203125 0.01708984375 0.0361328125
0 0.270751953125 0.37451171875 0.02099609375 0.0458984375
0 0.190185546875 0.3525390625 0.01806640625 0.048828125
0 0.2138671875 0.40869140625 0.0166015625 0.0634765625
0 0.20556640625 0.40283203125 0.025390625 0.0830078125
0 0.1982421875 0.404296875 0.02734375 0.08203125
0 0.1865234375 0.4052734375 0.03125 0.08203125
0 0.143310546875 0.3720703125 0.02587890625 0.0703125
0 0.11328125 0.36865234375 0.0126953125 0.0537109375
0 0.101806640625 0.376953125 0.02099609375 0.06640625
0 0.14208984375 0.392578125 0.029296875 0.078125
0 0.135009765625 0.40283203125 0.05126953125 0.1025390625
0 0.058349609375 0.40087890625 0.02587890625 0.1123046875
0 0.009765625 0.40966796875 0.013671875 0.1005859375
0 0.022216796875 0.44189453125 0.02880859375 0.1884765625
0 0.00732421875 0.462890625 0.017578125 0.265625
0 0.087890625 0.44287109375 0.0322265625 0.1767578125
0 0.224365234375 0.4677734375 0.01708984375 0.09375
0 0.251708984375 0.40478515625 0.02978515625 0.0888671875
0 0.246337890625 0.47216796875 0.01611328125 0.1005859375
0 0.371826171875 0.515625 0.11572265625 0.55859375
0 0.3056640625 0.552734375 0.119140625 0.5625
