1 0.091064453125 0.38232421875 0.05419921875 0.0478515625
1 0.28857421875 0.3701171875 0.0185546875 0.021484375
1 0.27099609375 0.36865234375 0.01953125 0.0224609375
0 0.437744140625 0.35400390625 0.00830078125 0.0537109375
1 0.500244140625 0.35791015625 0.01416015625 0.0458984375
1 0.40625 0.3876953125 0.0576171875 0.10546875
0 0.0078125 0.21044921875 0.0185546875 0.1533203125
0 0.22705078125 0.48974609375 0.1767578125 0.7451171875
0 0.486083984375 0.5205078125 0.16845703125 0.662109375
0 0.35205078125 0.5302734375 0.21875 0.890625
0 0.735107421875 0.48583984375 0.11669921875 0.6826171875
0 0.688720703125 0.51513671875 0.18017578125 0.7490234375
