1 0.55419921875 0.361328125 0.0126953125 0.017578125
1 0.53759765625 0.35400390625 0.0283203125 0.0673828125
1 0.525390625 0.36669921875 0.033203125 0.0439453125
1 0.581298828125 0.38671875 0.05224609375 0.08984375
1 0.59375 0.39892578125 0.0537109375 0.0888671875
0 0.66552734375 0.37548828125 0.02734375 0.0849609375
1 0.631103515625 0.40576171875 0.08447265625 0.0888671875
1 0.4228515625 0.3935546875 0.02734375 0.080078125
1 0.414794921875 0.39599609375 0.03662109375 0.0810546875
1 0.39599609375 0.4111328125 0.03515625 0.103515625
1 0.357666015625 0.41650390625 0.07373046875 0.1396484375
1 0.322021484375 0.447265625 0.10400390625 0.15234375
