1 0.563232421875 0.40966796875 0.00732421875 0.0107421875
0 0.52587890625 0.390625 0.0068359375 0.01953125
0 0.534912109375 0.3916015625 0.01025390625 0.029296875
1 0.5732421875 0.40869140625 0.0087890625 0.0283203125
1 0.587158203125 0.4091796875 0.00830078125 0.015625
1 0.6025390625 0.416015625 0.013671875 0.037109375
1 0.61083984375 0.41943359375 0.015625 0.0361328125
1 0.63623046875 0.40673828125 0.0341796875 0.0771484375
1 0.636962890625 0.42529296875 0.02294921875 0.0478515625
0 0.583740234375 0.42578125 0.01416015625 0.08203125
0 0.579833984375 0.42333984375 0.02197265625 0.0908203125
0 0.592529296875 0.42822265625 0.01220703125 0.0869140625
0 0.62451171875 0.419921875 0.0087890625 0.08984375
0 0.6181640625 0.423828125 0.01171875 0.083984375
0 0.713623046875 0.427734375 0.01220703125 0.048828125
0 0.693359375 0.4169921875 0.0068359375 0.021484375
1 0.7509765625 0.44482421875 0.05859375 0.0986328125
1 0.79052734375 0.4541015625 0.08984375 0.1171875
0 0.881591796875 0.43212890625 0.02001953125 0.1416015625
0 0.544189453125 0.4091796875 0.00439453125 0.0234375
1 0.520751953125 0.4423828125 0.06494140625 0.08984375
0 0.061767578125 0.38720703125 0.00927734375 0.0341796875
1 0.64111328125 0.42822265625 0.0146484375 0.0458984375
1 0.65869140625 0.4287109375 0.0390625 0.060546875
0 0.70263671875 0.423828125 0.0146484375 0.083984375
