1 0.48876953125 0.35595703125 0.00390625 0.0087890625
1 0.51416015625 0.384765625 0.021484375 0.04296875
0 0.50048828125 0.388671875 0.0068359375 0.03515625
1 0.48974609375 0.3974609375 0.0146484375 0.0234375
1 0.470947265625 0.3740234375 0.00927734375 0.029296875
1 0.446533203125 0.3994140625 0.01416015625 0.021484375
1 0.43896484375 0.39990234375 0.01171875 0.0244140625
1 0.4306640625 0.4013671875 0.015625 0.03125
1 0.417724609375 0.4072265625 0.01611328125 0.037109375
0 0.7666015625 0.36474609375 0.0224609375 0.0517578125
0 0.949951171875 0.353515625 0.02392578125 0.05859375
1 0.536376953125 0.40673828125 0.05908203125 0.0908203125
1 0.69482421875 0.41845703125 0.1572265625 0.0947265625
0 0.1923828125 0.4140625 0.0224609375 0.08203125
1 0.053955078125 0.447265625 0.08056640625 0.07421875
0 0.6796875 0.5703125 0.2060546875 0.744140625
