0 0.303466796875 0.45263671875 0.03076171875 0.2080078125
1 0.4013671875 0.43115234375 0.0068359375 0.0205078125
1 0.408447265625 0.4326171875 0.01513671875 0.0234375
1 0.421142578125 0.43359375 0.01806640625 0.025390625
0 0.41162109375 0.43505859375 0.0048828125 0.0185546875
1 0.433349609375 0.4345703125 0.01611328125 0.025390625
0 0.42041015625 0.4365234375 0.0048828125 0.01953125
0 0.424560546875 0.4345703125 0.00537109375 0.0234375
1 0.443603515625 0.43408203125 0.01708984375 0.0283203125
1 0.45361328125 0.435546875 0.0205078125 0.029296875
1 0.462158203125 0.435546875 0.01806640625 0.03125
1 0.474365234375 0.435546875 0.01708984375 0.037109375
1 0.481201171875 0.4365234375 0.01611328125 0.037109375
1 0.48828125 0.43701171875 0.0205078125 0.0380859375
1 0.50439453125 0.43896484375 0.029296875 0.0400390625
1 0.53173828125 0.4375 0.0380859375 0.060546875
1 0.53515625 0.447265625 0.015625 0.046875
1 0.547607421875 0.4482421875 0.02783203125 0.056640625
1 0.564697265625 0.44873046875 0.03759765625 0.0693359375
1 0.58349609375 0.45654296875 0.0322265625 0.0732421875
1 0.595458984375 0.45751953125 0.02685546875 0.0791015625
1 0.6103515625 0.46337890625 0.0400390625 0.0986328125
1 0.654541015625 0.45556640625 0.08642578125 0.1455078125
1 0.6689453125 0.49169921875 0.0537109375 0.1201171875
1 0.725341796875 0.50146484375 0.11376953125 0.2080078125
1 0.87109375 0.54248046875 0.2529296875 0.4072265625
1 0.99072265625 0.73095703125 0.0146484375 0.1865234375
