1 0.66015625 0.45654296875 0.0166015625 0.0771484375
0 0.47412109375 0.42431640625 0.009765625 0.0361328125
0 0.45263671875 0.40625 0.0068359375 0.021484375
1 0.458740234375 0.4580078125 0.03857421875 0.095703125
1 0.419189453125 0.46240234375 0.06884765625 0.1162109375
1 0.3544921875 0.490234375 0.0927734375 0.1796875
1 0.280517578125 0.51953125 0.12451171875 0.267578125
1 0.119384765625 0.42333984375 0.24072265625 0.8486328125
1 0.5673828125 0.45263671875 0.08203125 0.1259765625
1 0.77294921875 0.455078125 0.228515625 0.23046875
1 0.89599609375 0.5439453125 0.2041015625 0.3046875
