1 0.55029296875 0.462890625 0.048828125 0.09765625
1 0.57373046875 0.4619140625 0.064453125 0.111328125
1 0.578125 0.47607421875 0.0576171875 0.1298828125
1 0.634521484375 0.48291015625 0.09912109375 0.1826171875
1 0.7822265625 0.55126953125 0.2275390625 0.3701171875
1 0.897216796875 0.6005859375 0.20263671875 0.5703125
1 0.427490234375 0.447265625 0.02587890625 0.041015625
1 0.232177734375 0.47412109375 0.04833984375 0.1005859375
1 0.21337890625 0.486328125 0.0390625 0.107421875
1 0.140625 0.46826171875 0.125 0.1865234375
1 0.056396484375 0.51220703125 0.11572265625 0.1904296875
