1 0.57421875 0.42138671875 0.02734375 0.0615234375
1 0.599853515625 0.4345703125 0.03759765625 0.068359375
1 0.611328125 0.44580078125 0.0390625 0.0693359375
1 0.623291015625 0.45458984375 0.03076171875 0.0810546875
1 0.650390625 0.4609375 0.06640625 0.09765625
1 0.713134765625 0.48388671875 0.10693359375 0.1552734375
1 0.82861328125 0.51708984375 0.1767578125 0.2587890625
1 0.91552734375 0.60205078125 0.1669921875 0.3681640625
1 0.46630859375 0.431640625 0.017578125 0.03515625
1 0.455810546875 0.435546875 0.01806640625 0.0390625
1 0.448486328125 0.43701171875 0.01708984375 0.0380859375
1 0.4375 0.439453125 0.025390625 0.05078125
1 0.424072265625 0.44287109375 0.03271484375 0.0576171875
1 0.402099609375 0.44384765625 0.04443359375 0.0673828125
1 0.500244140625 0.4287109375 0.02490234375 0.037109375
1 0.527099609375 0.431640625 0.04443359375 0.078125
1 0.064208984375 0.44677734375 0.09033203125 0.1044921875
1 0.328857421875 0.45751953125 0.06787109375 0.1103515625
1 0.2685546875 0.47607421875 0.119140625 0.1396484375
