0 0.93212890625 0.4189453125 0.0234375 0.05078125
0 0.9091796875 0.4541015625 0.0517578125 0.259765625
0 0.8740234375 0.45751953125 0.0732421875 0.3935546875
0 0.767578125 0.45654296875 0.072265625 0.4208984375
1 0.34619140625 0.42529296875 0.044921875 0.0517578125
1 0.35205078125 0.44482421875 0.041015625 0.0654296875
1 0.071044921875 0.42431640625 0.14306640625 0.3466796875
1 0.216796875 0.48193359375 0.2607421875 0.4189453125
1 0.061767578125 0.6337890625 0.12646484375 0.53125
1 0.52587890625 0.642578125 0.4111328125 0.6328125
