1 0.413330078125 0.4326171875 0.03076171875 0.060546875
1 0.411865234375 0.44384765625 0.01806640625 0.0478515625
1 0.389892578125 0.4453125 0.04150390625 0.056640625
1 0.347900390625 0.44873046875 0.02490234375 0.0556640625
1 0.201904296875 0.45751953125 0.06298828125 0.0712890625
1 0.27783203125 0.447265625 0.134765625 0.09375
1 0.044921875 0.4599609375 0.0927734375 0.068359375
1 0.1298828125 0.4580078125 0.1103515625 0.078125
1 0.9638671875 0.4091796875 0.0673828125 0.1015625
0 0.802490234375 0.42138671875 0.01611328125 0.1103515625
0 0.7802734375 0.42919921875 0.0185546875 0.0869140625
0 0.755126953125 0.4306640625 0.01708984375 0.05078125
1 0.977294921875 0.45361328125 0.04150390625 0.1611328125
1 0.648193359375 0.4736328125 0.29248046875 0.208984375
0 0.671142578125 0.5126953125 0.24560546875 0.875
