1 0.58447265625 0.42919921875 0.0185546875 0.0166015625
1 0.531982421875 0.4541015625 0.05126953125 0.056640625
1 0.492431640625 0.458984375 0.04345703125 0.0546875
1 0.21435546875 0.474609375 0.04296875 0.0390625
1 0.1064453125 0.5009765625 0.06640625 0.103515625
0 0.0986328125 0.4853515625 0.0107421875 0.12109375
1 0.193115234375 0.50537109375 0.12841796875 0.1103515625
1 0.6494140625 0.4541015625 0.017578125 0.0703125
1 0.664794921875 0.47314453125 0.05419921875 0.1259765625
1 0.73388671875 0.478515625 0.1279296875 0.224609375
1 0.889892578125 0.4697265625 0.21630859375 0.525390625
