1 0.540771484375 0.25732421875 0.02880859375 0.0439453125
1 0.486572265625 0.2705078125 0.02783203125 0.044921875
0 0.44921875 0.28857421875 0.009765625 0.0458984375
0 0.46728515625 0.2646484375 0.009765625 0.021484375
0 0.51806640625 0.28466796875 0.0087890625 0.0517578125
1 0.565673828125 0.27783203125 0.03662109375 0.0380859375
1 0.580078125 0.306640625 0.0419921875 0.080078125
0 0.611572265625 0.291015625 0.01318359375 0.0546875
0 0.620849609375 0.28369140625 0.01513671875 0.0654296875
1 0.593505859375 0.32421875 0.04443359375 0.064453125
0 0.35986328125 0.33642578125 0.01953125 0.1064453125
0 0.31591796875 0.31298828125 0.0244140625 0.0869140625
1 0.455078125 0.39599609375 0.138671875 0.1630859375
1 0.612060546875 0.4736328125 0.17236328125 0.248046875
0 0.23974609375 0.37646484375 0.0283203125 0.2021484375
0 0.21923828125 0.390625 0.037109375 0.189453125
0 0.14453125 0.41455078125 0.0595703125 0.2255859375
0 0.35986328125 0.33642578125 0.01953125 0.1064453125
