1 0.596435546875 0.3642578125 0.00634765625 0.009765625
0 0.926025390625 0.4267578125 0.02880859375 0.18359375
0 0.826171875 0.4208984375 0.03125 0.162109375
0 0.865234375 0.408203125 0.02734375 0.150390625
0 0.876708984375 0.44140625 0.04736328125 0.150390625
1 0.576171875 0.3876953125 0.01171875 0.013671875
0 0.541259765625 0.41259765625 0.00830078125 0.0302734375
1 0.578857421875 0.4072265625 0.01904296875 0.0390625
0 0.48583984375 0.408203125 0.0087890625 0.03125
1 0.5205078125 0.41357421875 0.0205078125 0.0361328125
1 0.513916015625 0.41650390625 0.01806640625 0.0341796875
1 0.507080078125 0.416015625 0.02294921875 0.037109375
1 0.496826171875 0.421875 0.02880859375 0.04296875
1 0.4697265625 0.4248046875 0.02734375 0.056640625
1 0.44189453125 0.42578125 0.0419921875 0.076171875
1 0.42529296875 0.4326171875 0.044921875 0.0703125
0 0.197265625 0.44384765625 0.0244140625 0.1005859375
