0 0.548583984375 0.34423828125 0.00439453125 0.0302734375
0 0.554443359375 0.35107421875 0.00341796875 0.0380859375
1 0.56396484375 0.4072265625 0.03125 0.056640625
1 0.585205078125 0.42236328125 0.04052734375 0.0771484375
1 0.605224609375 0.4384765625 0.04052734375 0.103515625
1 0.631591796875 0.4443359375 0.04833984375 0.130859375
1 0.6708984375 0.45849609375 0.0908203125 0.1552734375
1 0.913818359375 0.650390625 0.16748046875 0.44921875
0 0.5185546875 0.3115234375 0.001953125 0.013671875
0 0.472412109375 0.34033203125 0.00341796875 0.0283203125
0 0.492919921875 0.30908203125 0.00244140625 0.0087890625
1 0.44287109375 0.412109375 0.0322265625 0.064453125
1 0.409912109375 0.4287109375 0.06005859375 0.095703125
1 0.335693359375 0.466796875 0.08837890625 0.16015625
1 0.22021484375 0.51171875 0.197265625 0.283203125
