1 0.464599609375 0.34912109375 0.01806640625 0.0146484375
1 0.50341796875 0.35595703125 0.0107421875 0.0185546875
1 0.556396484375 0.35009765625 0.01611328125 0.0205078125
1 0.476806640625 0.361328125 0.01416015625 0.029296875
0 0.43359375 0.3740234375 0.0068359375 0.03515625
1 0.44580078125 0.4169921875 0.0341796875 0.048828125
1 0.340087890625 0.455078125 0.09521484375 0.142578125
0 0.112060546875 0.42529296875 0.04052734375 0.1396484375
1 0.08642578125 0.58837890625 0.173828125 0.4267578125
1 0.56005859375 0.40966796875 0.0234375 0.0634765625
1 0.564697265625 0.41357421875 0.01806640625 0.0654296875
1 0.581298828125 0.416015625 0.04150390625 0.078125
1 0.584716796875 0.42919921875 0.02978515625 0.0654296875
1 0.59912109375 0.43212890625 0.0283203125 0.1005859375
1 0.6376953125 0.43017578125 0.078125 0.1396484375
1 0.669677734375 0.44873046875 0.10302734375 0.1669921875
1 0.6875 0.48388671875 0.068359375 0.1748046875
1 0.775634765625 0.498046875 0.17822265625 0.28125
1 0.893798828125 0.560546875 0.20947265625 0.41796875
