0 0.67919921875 0.4755859375 0.0087890625 0.0234375
0 0.734619140625 0.46728515625 0.01025390625 0.0361328125
0 0.7529296875 0.46826171875 0.0078125 0.0302734375
0 0.8505859375 0.4619140625 0.0185546875 0.0625
1 0.475341796875 0.48046875 0.03369140625 0.0625
1 0.4658203125 0.4931640625 0.0234375 0.0390625
1 0.403564453125 0.4541015625 0.04443359375 0.0546875
1 0.436767578125 0.490234375 0.06396484375 0.09765625
1 0.289794921875 0.50390625 0.07275390625 0.09375
1 0.224609375 0.4970703125 0.11328125 0.146484375
1 0.10693359375 0.5234375 0.1396484375 0.15234375
1 0.0166015625 0.5498046875 0.0361328125 0.138671875
1 0.51513671875 0.4990234375 0.06640625 0.107421875
1 0.368896484375 0.50927734375 0.11279296875 0.1513671875
