1 0.533447265625 0.42041015625 0.00830078125 0.0087890625
1 0.542724609375 0.42041015625 0.01318359375 0.0126953125
1 0.51611328125 0.4208984375 0.0078125 0.01171875
1 0.552734375 0.42578125 0.013671875 0.0234375
1 0.547607421875 0.4296875 0.01513671875 0.025390625
1 0.505859375 0.42919921875 0.015625 0.0244140625
1 0.341796875 0.458984375 0.0693359375 0.12109375
1 0.27685546875 0.47802734375 0.107421875 0.1396484375
1 0.449462890625 0.44384765625 0.03369140625 0.0478515625
1 0.588623046875 0.43505859375 0.03564453125 0.0537109375
