1 0.47998046875 0.396484375 0.013671875 0.021484375
1 0.48876953125 0.39794921875 0.0126953125 0.0185546875
1 0.50390625 0.39599609375 0.0126953125 0.0244140625
1 0.527587890625 0.40478515625 0.04833984375 0.1064453125
1 0.523681640625 0.4306640625 0.04541015625 0.138671875
1 0.530029296875 0.44921875 0.04248046875 0.1640625
1 0.58935546875 0.48095703125 0.146484375 0.2509765625
1 0.0830078125 0.4716796875 0.1669921875 0.263671875
1 0.435302734375 0.40576171875 0.02392578125 0.0361328125
1 0.38037109375 0.4228515625 0.021484375 0.0625
