0 0.5732421875 0.42626953125 0.0078125 0.0439453125
1 0.636474609375 0.427734375 0.02490234375 0.02734375
0 0.62451171875 0.42724609375 0.0068359375 0.0419921875
0 0.635498046875 0.42724609375 0.00732421875 0.0361328125
0 0.301025390625 0.41943359375 0.02001953125 0.1259765625
1 0.017822265625 0.37060546875 0.03857421875 0.0283203125
1 0.729248046875 0.470703125 0.09521484375 0.15234375
0 0.681396484375 0.45263671875 0.02880859375 0.1845703125
1 0.832763671875 0.505859375 0.19482421875 0.248046875
1 0.9541015625 0.57177734375 0.087890625 0.3798828125
1 0.4130859375 0.45361328125 0.091796875 0.1416015625
