1 0.50439453125 0.34521484375 0.0078125 0.0126953125
0 0.524658203125 0.361328125 0.00732421875 0.0390625
1 0.5361328125 0.34521484375 0.0244140625 0.0791015625
1 0.4716796875 0.3701171875 0.0078125 0.025390625
1 0.460205078125 0.3681640625 0.02001953125 0.0390625
1 0.45263671875 0.3740234375 0.0166015625 0.029296875
1 0.442138671875 0.37744140625 0.01513671875 0.0361328125
1 0.431884765625 0.3779296875 0.02685546875 0.04296875
1 0.416259765625 0.38134765625 0.01904296875 0.0478515625
1 0.39599609375 0.3876953125 0.041015625 0.060546875
0 0.251220703125 0.3955078125 0.01611328125 0.103515625
1 0.05322265625 0.48388671875 0.109375 0.3974609375
1 0.568115234375 0.37255859375 0.06494140625 0.1064453125
0 0.97021484375 0.2998046875 0.0419921875 0.25390625
0 0.9326171875 0.30029296875 0.0380859375 0.2626953125
0 0.87939453125 0.3173828125 0.041015625 0.25390625
0 0.78759765625 0.3330078125 0.0380859375 0.255859375
0 0.833984375 0.32177734375 0.072265625 0.3251953125
