1 0.448974609375 0.462890625 0.03369140625 0.08203125
1 0.43212890625 0.4697265625 0.037109375 0.08984375
1 0.387451171875 0.470703125 0.06689453125 0.14453125
0 0.34130859375 0.41015625 0.013671875 0.025390625
0 0.31640625 0.4296875 0.0234375 0.064453125
1 0.34423828125 0.49560546875 0.1064453125 0.1650390625
1 0.192626953125 0.5556640625 0.18603515625 0.30078125
1 0.06298828125 0.5498046875 0.12890625 0.486328125
0 0.61572265625 0.41259765625 0.0078125 0.0205078125
1 0.756103515625 0.49267578125 0.13916015625 0.1787109375
0 0.663818359375 0.46142578125 0.02197265625 0.1337890625
1 0.898193359375 0.556640625 0.20068359375 0.337890625
1 0.967041015625 0.68896484375 0.06298828125 0.2685546875
1 0.55859375 0.4423828125 0.0361328125 0.05859375
