1 0.390380859375 0.44970703125 0.03173828125 0.0693359375
1 0.380615234375 0.46728515625 0.03173828125 0.0400390625
1 0.362060546875 0.45654296875 0.03662109375 0.0576171875
0 0.2900390625 0.4326171875 0.0166015625 0.04296875
0 0.275146484375 0.451171875 0.01318359375 0.072265625
1 0.005859375 0.47607421875 0.0126953125 0.0478515625
1 0.069091796875 0.46728515625 0.06787109375 0.0654296875
1 0.12548828125 0.4638671875 0.078125 0.0703125
0 0.812255859375 0.43701171875 0.01904296875 0.1767578125
1 0.53369140625 0.4599609375 0.197265625 0.134765625
