1 0.52685546875 0.30078125 0.0048828125 0.009765625
1 0.517822265625 0.2998046875 0.00732421875 0.013671875
0 0.52099609375 0.322265625 0.001953125 0.015625
0 0.5166015625 0.31298828125 0.001953125 0.0146484375
0 0.470703125 0.34228515625 0.0068359375 0.0283203125
1 0.393310546875 0.43408203125 0.06689453125 0.1025390625
1 0.3837890625 0.44580078125 0.05859375 0.1064453125
1 0.2998046875 0.4697265625 0.1455078125 0.205078125
1 0.4619140625 0.390625 0.029296875 0.052734375
1 0.45556640625 0.3955078125 0.0302734375 0.0546875
1 0.447998046875 0.39990234375 0.03857421875 0.0615234375
1 0.01123046875 0.65283203125 0.025390625 0.4267578125
0 0.57373046875 0.34716796875 0.0048828125 0.0322265625
0 0.567626953125 0.34521484375 0.00341796875 0.0283203125
1 0.576416015625 0.40185546875 0.02197265625 0.0595703125
1 0.588623046875 0.404296875 0.03759765625 0.064453125
1 0.605712890625 0.43212890625 0.02685546875 0.0869140625
1 0.643798828125 0.43994140625 0.08935546875 0.1396484375
1 0.863037109375 0.54345703125 0.27099609375 0.3994140625
