1 0.891845703125 0.265625 0.06787109375 0.0859375
1 0.2060546875 0.39599609375 0.0146484375 0.0361328125
1 0.218994140625 0.40576171875 0.01318359375 0.0224609375
0 0.114990234375 0.4267578125 0.01220703125 0.052734375
1 0.173828125 0.43408203125 0.068359375 0.1142578125
1 0.254638671875 0.40380859375 0.02294921875 0.0439453125
1 0.2607421875 0.4052734375 0.0166015625 0.041015625
1 0.2705078125 0.40771484375 0.017578125 0.0400390625
1 0.283203125 0.40576171875 0.021484375 0.0439453125
1 0.301513671875 0.4033203125 0.03564453125 0.048828125
1 0.328857421875 0.400390625 0.02392578125 0.0625
1 0.35205078125 0.3955078125 0.0439453125 0.072265625
1 0.3955078125 0.39404296875 0.0703125 0.0849609375
1 0.698486328125 0.4208984375 0.15283203125 0.33984375
1 0.83544921875 0.51708984375 0.32421875 0.4970703125
1 0.011474609375 0.626953125 0.02392578125 0.248046875
0 0.34716796875 0.38623046875 0.0185546875 0.1357421875
0 0.837890625 0.49267578125 0.2060546875 0.7197265625
