1 0.482177734375 0.41845703125 0.01318359375 0.0263671875
1 0.471923828125 0.4189453125 0.01806640625 0.025390625
0 0.4501953125 0.39990234375 0.005859375 0.0185546875
0 0.458251953125 0.404296875 0.00537109375 0.02734375
1 0.52490234375 0.41455078125 0.01953125 0.0380859375
1 0.5205078125 0.3974609375 0.0185546875 0.01171875
1 0.506103515625 0.4150390625 0.02294921875 0.0390625
0 0.4921875 0.416015625 0.0087890625 0.0703125
0 0.506103515625 0.41748046875 0.00830078125 0.0673828125
0 0.583740234375 0.40283203125 0.00732421875 0.0361328125
0 0.592529296875 0.40625 0.00830078125 0.052734375
1 0.621337890625 0.427734375 0.03564453125 0.080078125
1 0.63134765625 0.43603515625 0.0146484375 0.0830078125
1 0.67041015625 0.37744140625 0.0732421875 0.1416015625
1 0.673583984375 0.4228515625 0.09326171875 0.21484375
1 0.735107421875 0.43994140625 0.13330078125 0.2666015625
0 0.7587890625 0.4765625 0.0390625 0.205078125
0 0.847412109375 0.4296875 0.03369140625 0.142578125
0 0.908935546875 0.474609375 0.06103515625 0.30078125
0 0.988037109375 0.46142578125 0.02099609375 0.2158203125
1 0.5625 0.439453125 0.0556640625 0.0859375
1 0.452880859375 0.43603515625 0.02294921875 0.0634765625
1 0.44140625 0.43896484375 0.0224609375 0.0693359375
1 0.436279296875 0.44775390625 0.00927734375 0.0654296875
1 0.401611328125 0.4345703125 0.06591796875 0.12109375
0 0.308837890625 0.38916015625 0.00634765625 0.0185546875
1 0.392333984375 0.45361328125 0.03857421875 0.1083984375
1 0.3583984375 0.45654296875 0.056640625 0.1318359375
0 0.279052734375 0.37890625 0.02294921875 0.0390625
1 0.304931640625 0.474609375 0.10498046875 0.169921875
1 0.18994140625 0.50634765625 0.1845703125 0.2470703125
1 0.06494140625 0.54638671875 0.130859375 0.4033203125
