1 0.60302734375 0.41357421875 0.0263671875 0.0205078125
1 0.6201171875 0.421875 0.0126953125 0.01953125
1 0.609619140625 0.42529296875 0.01513671875 0.0263671875
1 0.6328125 0.41748046875 0.005859375 0.0087890625
0 0.55126953125 0.4169921875 0.00390625 0.015625
0 0.535888671875 0.41845703125 0.00439453125 0.0185546875
0 0.526123046875 0.41552734375 0.00439453125 0.0205078125
0 0.522705078125 0.41748046875 0.00341796875 0.0185546875
0 0.513671875 0.41748046875 0.0029296875 0.0146484375
1 0.578857421875 0.42578125 0.02099609375 0.02734375
1 0.5966796875 0.4306640625 0.01953125 0.03125
1 0.416015625 0.421875 0.0185546875 0.03515625
0 0.256591796875 0.4072265625 0.00634765625 0.03515625
0 0.237060546875 0.4072265625 0.00634765625 0.037109375
1 0.12158203125 0.388671875 0.0712890625 0.0703125
1 0.1298828125 0.4267578125 0.0537109375 0.05859375
1 0.172607421875 0.4375 0.07958984375 0.08984375
1 0.05615234375 0.44921875 0.115234375 0.140625
0 0.957763671875 0.443359375 0.01025390625 0.080078125
0 0.9775390625 0.4443359375 0.013671875 0.080078125
0 0.991455078125 0.43896484375 0.01318359375 0.0908203125
0 0.446044921875 0.54052734375 0.11669921875 0.4775390625
