1 0.603515625 0.4482421875 0.0380859375 0.072265625
1 0.615234375 0.45458984375 0.0478515625 0.0732421875
1 0.616455078125 0.46484375 0.02490234375 0.080078125
1 0.626953125 0.46728515625 0.03515625 0.0810546875
1 0.658203125 0.47412109375 0.0625 0.0947265625
1 0.694580078125 0.51611328125 0.05419921875 0.1220703125
1 0.56005859375 0.47265625 0.0712890625 0.119140625
1 0.5400390625 0.380859375 0.0087890625 0.015625
1 0.53857421875 0.390625 0.009765625 0.017578125
0 0.532958984375 0.37890625 0.00244140625 0.015625
1 0.5 0.4375 0.01953125 0.0546875
1 0.48828125 0.4404296875 0.021484375 0.060546875
1 0.48095703125 0.4482421875 0.03515625 0.064453125
1 0.482177734375 0.44775390625 0.01611328125 0.0693359375
1 0.476318359375 0.4521484375 0.01611328125 0.072265625
1 0.463623046875 0.451171875 0.02783203125 0.1015625
1 0.431640625 0.4658203125 0.076171875 0.13671875
1 0.402587890625 0.486328125 0.07373046875 0.14453125
1 0.286376953125 0.484375 0.17822265625 0.318359375
1 0.154052734375 0.56884765625 0.31005859375 0.4169921875
