1 0.505615234375 0.42236328125 0.01220703125 0.0166015625
1 0.52001953125 0.4228515625 0.017578125 0.029296875
1 0.5849609375 0.42333984375 0.0302734375 0.0361328125
1 0.592041015625 0.4453125 0.03369140625 0.060546875
1 0.544189453125 0.4404296875 0.07763671875 0.078125
1 0.60302734375 0.45068359375 0.0283203125 0.0791015625
1 0.634033203125 0.44775390625 0.06884765625 0.1240234375
1 0.658203125 0.46533203125 0.0791015625 0.1279296875
1 0.7236328125 0.48388671875 0.1025390625 0.2080078125
1 0.80810546875 0.44384765625 0.208984375 0.4033203125
1 0.893310546875 0.5576171875 0.20849609375 0.484375
1 0.408447265625 0.43212890625 0.03466796875 0.0654296875
1 0.401123046875 0.44140625 0.02490234375 0.052734375
1 0.437255859375 0.4326171875 0.05224609375 0.0859375
1 0.37744140625 0.439453125 0.0498046875 0.08203125
1 0.353271484375 0.45068359375 0.05126953125 0.0791015625
1 0.306640625 0.4560546875 0.05078125 0.095703125
1 0.270751953125 0.4609375 0.06103515625 0.11328125
1 0.210205078125 0.4716796875 0.11669921875 0.140625
1 0.07861328125 0.48193359375 0.16015625 0.2353515625
