1 0.49462890625 0.4111328125 0.0087890625 0.013671875
1 0.463623046875 0.4111328125 0.00830078125 0.01953125
1 0.4560546875 0.4091796875 0.0107421875 0.025390625
0 0.4677734375 0.408203125 0.0048828125 0.02734375
1 0.477783203125 0.4091796875 0.01416015625 0.02734375
0 0.485595703125 0.4072265625 0.00439453125 0.029296875
0 0.4111328125 0.408203125 0.0107421875 0.02734375
0 0.280029296875 0.4072265625 0.00634765625 0.06640625
0 0.199951171875 0.4443359375 0.04638671875 0.193359375
1 0.570556640625 0.4130859375 0.02099609375 0.044921875
1 0.53125 0.39208984375 0.0703125 0.1220703125
1 0.884521484375 0.529296875 0.22998046875 0.576171875
