1 0.521728515625 0.44140625 0.03564453125 0.0546875
1 0.47705078125 0.44287109375 0.06640625 0.0478515625
1 0.533447265625 0.4462890625 0.02099609375 0.05859375
1 0.58544921875 0.45458984375 0.0458984375 0.1123046875
1 0.60400390625 0.458984375 0.05078125 0.1171875
1 0.630615234375 0.4736328125 0.07568359375 0.150390625
1 0.700439453125 0.4873046875 0.15087890625 0.21875
1 0.319580078125 0.46484375 0.08740234375 0.14453125
1 0.220458984375 0.48486328125 0.14208984375 0.2275390625
1 0.8115234375 0.54248046875 0.25390625 0.2939453125
1 0.970703125 0.76708984375 0.0546875 0.3583984375
1 0.058349609375 0.51123046875 0.11767578125 0.4775390625
