1 0.748779296875 0.36962890625 0.00830078125 0.0185546875
1 0.717529296875 0.3759765625 0.00537109375 0.029296875
1 0.737060546875 0.37451171875 0.00634765625 0.0146484375
0 0.902099609375 0.38720703125 0.02294921875 0.0966796875
1 0.729736328125 0.40283203125 0.02783203125 0.0458984375
1 0.5458984375 0.40625 0.0517578125 0.072265625
1 0.67626953125 0.416015625 0.1044921875 0.193359375
1 0.479248046875 0.42822265625 0.08544921875 0.1044921875
0 0.301025390625 0.3671875 0.01416015625 0.03125
1 0.268798828125 0.4501953125 0.14794921875 0.15234375
