1 0.5107421875 0.4326171875 0.0107421875 0.025390625
1 0.504150390625 0.43359375 0.01123046875 0.029296875
1 0.498291015625 0.43505859375 0.01513671875 0.0341796875
1 0.49365234375 0.43896484375 0.013671875 0.0302734375
1 0.527587890625 0.4462890625 0.02099609375 0.03515625
1 0.55908203125 0.45263671875 0.0458984375 0.0732421875
1 0.601806640625 0.46533203125 0.06005859375 0.0849609375
1 0.484619140625 0.44677734375 0.03173828125 0.0478515625
0 0.657958984375 0.43701171875 0.00341796875 0.0341796875
0 0.663330078125 0.44091796875 0.00439453125 0.0322265625
1 0.838623046875 0.45703125 0.10986328125 0.146484375
1 0.953857421875 0.482421875 0.08837890625 0.154296875
1 0.460205078125 0.42578125 0.01220703125 0.01953125
1 0.458984375 0.4296875 0.0107421875 0.013671875
1 0.457763671875 0.43505859375 0.00830078125 0.0205078125
1 0.439697265625 0.431640625 0.00732421875 0.013671875
1 0.43359375 0.4296875 0.0078125 0.033203125
1 0.424560546875 0.4306640625 0.01611328125 0.04296875
1 0.390869140625 0.4345703125 0.01611328125 0.056640625
1 0.365478515625 0.435546875 0.01123046875 0.0390625
1 0.3408203125 0.43701171875 0.0322265625 0.0576171875
1 0.25927734375 0.46630859375 0.0556640625 0.0830078125
1 0.126708984375 0.45947265625 0.01708984375 0.0556640625
