1 0.568359375 0.3828125 0.0419921875 0.05078125
1 0.48388671875 0.38330078125 0.0048828125 0.0087890625
1 0.46240234375 0.400390625 0.005859375 0.013671875
1 0.458251953125 0.41455078125 0.00927734375 0.0166015625
1 0.45458984375 0.41748046875 0.0107421875 0.0166015625
1 0.448974609375 0.42333984375 0.01513671875 0.0244140625
1 0.469482421875 0.4228515625 0.01220703125 0.017578125
1 0.51220703125 0.4033203125 0.01171875 0.03125
1 0.49560546875 0.408203125 0.009765625 0.015625
1 0.490966796875 0.42236328125 0.02587890625 0.0361328125
1 0.486328125 0.43505859375 0.033203125 0.0517578125
1 0.517333984375 0.4130859375 0.01220703125 0.021484375
1 0.51953125 0.4150390625 0.01171875 0.01953125
1 0.555908203125 0.4462890625 0.07861328125 0.15625
1 0.74365234375 0.4296875 0.0439453125 0.08984375
0 0.709228515625 0.42626953125 0.03076171875 0.1591796875
0 0.759033203125 0.42626953125 0.01708984375 0.1396484375
1 0.957763671875 0.53466796875 0.08056640625 0.6298828125
1 0.415771484375 0.4345703125 0.03173828125 0.046875
0 0.3642578125 0.4140625 0.0068359375 0.01953125
0 0.355224609375 0.41357421875 0.00439453125 0.0126953125
1 0.3828125 0.439453125 0.0400390625 0.064453125
0 0.321044921875 0.42724609375 0.01416015625 0.0419921875
1 0.341796875 0.47021484375 0.0751953125 0.1103515625
0 0.271484375 0.4345703125 0.0068359375 0.025390625
0 0.266845703125 0.435546875 0.00830078125 0.02734375
0 0.26171875 0.44482421875 0.0126953125 0.0517578125
0 0.24609375 0.43359375 0.005859375 0.0234375
0 0.24169921875 0.4365234375 0.015625 0.02734375
0 0.21875 0.44384765625 0.0205078125 0.1005859375
0 0.293701171875 0.443359375 0.01904296875 0.078125
0 0.281005859375 0.44091796875 0.01708984375 0.0947265625
0 0.080078125 0.455078125 0.0146484375 0.1171875
0 0.115234375 0.4638671875 0.029296875 0.12890625
0 0.053955078125 0.4716796875 0.04248046875 0.1875
