1 0.43701171875 0.4189453125 0.03515625 0.083984375
1 0.428955078125 0.4375 0.03076171875 0.0625
1 0.4150390625 0.443359375 0.0400390625 0.0625
1 0.39013671875 0.4521484375 0.0234375 0.09765625
1 0.358154296875 0.45458984375 0.05908203125 0.1162109375
1 0.330810546875 0.47412109375 0.09033203125 0.1416015625
1 0.23388671875 0.50927734375 0.12890625 0.2255859375
1 0.10107421875 0.5556640625 0.205078125 0.365234375
1 0.569091796875 0.435546875 0.01708984375 0.0390625
1 0.581298828125 0.4453125 0.03076171875 0.064453125
1 0.60302734375 0.45263671875 0.04296875 0.0791015625
1 0.64453125 0.4619140625 0.0810546875 0.119140625
1 0.533447265625 0.4521484375 0.08056640625 0.125
1 0.72021484375 0.50048828125 0.13671875 0.1767578125
1 0.9130859375 0.6025390625 0.171875 0.44921875
