1 0.513916015625 0.4404296875 0.02197265625 0.017578125
0 0.6611328125 0.41552734375 0.013671875 0.0498046875
1 0.816650390625 0.45263671875 0.21142578125 0.3271484375
1 0.903564453125 0.54833984375 0.18798828125 0.4306640625
1 0.432861328125 0.43994140625 0.03076171875 0.0615234375
1 0.418212890625 0.44140625 0.03662109375 0.068359375
1 0.401123046875 0.4453125 0.05029296875 0.076171875
1 0.34814453125 0.4599609375 0.083984375 0.115234375
1 0.2119140625 0.4619140625 0.1552734375 0.224609375
1 0.559326171875 0.44677734375 0.04736328125 0.0693359375
