0 0.361328125 0.44482421875 0.01953125 0.0595703125
0 0.7236328125 0.3896484375 0.01171875 0.025390625
0 0.757080078125 0.39501953125 0.01220703125 0.0322265625
0 0.771240234375 0.39208984375 0.00732421875 0.0166015625
1 0.474365234375 0.42333984375 0.01416015625 0.0341796875
1 0.468994140625 0.4287109375 0.01611328125 0.04296875
1 0.463623046875 0.43359375 0.01611328125 0.052734375
1 0.436767578125 0.431640625 0.03369140625 0.068359375
1 0.421142578125 0.44970703125 0.05224609375 0.0791015625
1 0.565673828125 0.419921875 0.02294921875 0.03515625
1 0.57763671875 0.44580078125 0.0537109375 0.0751953125
1 0.537353515625 0.45361328125 0.06298828125 0.0966796875
0 0.462646484375 0.44921875 0.03173828125 0.15234375
1 0.643310546875 0.48095703125 0.06103515625 0.1552734375
1 0.69970703125 0.4970703125 0.115234375 0.205078125
1 0.807861328125 0.537109375 0.21044921875 0.2890625
1 0.9189453125 0.56298828125 0.158203125 0.5439453125
1 0.334716796875 0.482421875 0.05810546875 0.150390625
1 0.2509765625 0.50244140625 0.1708984375 0.2392578125
1 0.09619140625 0.60107421875 0.193359375 0.4287109375
0 0.49853515625 0.44140625 0.021484375 0.134765625
