1 0.520263671875 0.4521484375 0.01025390625 0.01953125
1 0.5517578125 0.41943359375 0.017578125 0.0107421875
1 0.56591796875 0.45361328125 0.0126953125 0.0283203125
1 0.577392578125 0.4326171875 0.01513671875 0.01953125
1 0.576904296875 0.45556640625 0.01416015625 0.0380859375
1 0.580322265625 0.458984375 0.01025390625 0.04296875
1 0.59130859375 0.45947265625 0.021484375 0.0634765625
1 0.611083984375 0.46630859375 0.04931640625 0.0751953125
1 0.6376953125 0.45703125 0.0146484375 0.033203125
1 0.539306640625 0.451171875 0.02978515625 0.056640625
1 0.456787109375 0.4501953125 0.02392578125 0.029296875
1 0.67822265625 0.48681640625 0.09375 0.1357421875
