1 0.582763671875 0.44091796875 0.04638671875 0.0751953125
1 0.607421875 0.4560546875 0.0537109375 0.083984375
0 0.650390625 0.44677734375 0.0166015625 0.0732421875
0 0.883544921875 0.45751953125 0.04248046875 0.2470703125
1 0.44384765625 0.4482421875 0.021484375 0.03515625
1 0.427978515625 0.44970703125 0.02099609375 0.0537109375
1 0.4169921875 0.45166015625 0.017578125 0.0673828125
1 0.4052734375 0.44921875 0.0234375 0.078125
1 0.386962890625 0.4501953125 0.03466796875 0.08984375
1 0.33251953125 0.46484375 0.076171875 0.123046875
1 0.507568359375 0.439453125 0.02587890625 0.05078125
1 0.181640625 0.50830078125 0.111328125 0.1865234375
1 0.07861328125 0.54638671875 0.16015625 0.2451171875
