1 0.263916015625 0.46728515625 0.01806640625 0.0185546875
0 0.3095703125 0.45751953125 0.0048828125 0.0302734375
1 0.322021484375 0.455078125 0.00927734375 0.0390625
1 0.340087890625 0.45849609375 0.01708984375 0.0380859375
0 0.483642578125 0.4384765625 0.01318359375 0.033203125
0 0.4755859375 0.4482421875 0.0107421875 0.029296875
0 0.46435546875 0.44384765625 0.015625 0.0908203125
1 0.35791015625 0.44140625 0.013671875 0.11328125
1 0.39404296875 0.4326171875 0.0732421875 0.154296875
0 0.635009765625 0.4443359375 0.02587890625 0.166015625
0 0.6044921875 0.4501953125 0.037109375 0.15625
0 0.663330078125 0.4423828125 0.03759765625 0.224609375
0 0.69873046875 0.43994140625 0.04296875 0.2275390625
0 0.80419921875 0.4501953125 0.080078125 0.421875
0 0.92138671875 0.43603515625 0.0947265625 0.4130859375
0 0.99267578125 0.40966796875 0.0107421875 0.1064453125
1 0.083251953125 0.505859375 0.03564453125 0.099609375
1 0.03564453125 0.5146484375 0.07421875 0.15625
1 0.003662109375 0.5517578125 0.00927734375 0.142578125
