1 0.4697265625 0.4052734375 0.01953125 0.029296875
1 0.45361328125 0.40234375 0.0302734375 0.04296875
1 0.580322265625 0.39697265625 0.02490234375 0.0478515625
0 0.59326171875 0.39306640625 0.013671875 0.0556640625
0 0.60546875 0.3818359375 0.01171875 0.03125
0 0.618408203125 0.38232421875 0.01318359375 0.0302734375
1 0.6396484375 0.39697265625 0.0390625 0.0205078125
1 0.608154296875 0.43408203125 0.04638671875 0.0849609375
1 0.618896484375 0.44091796875 0.04248046875 0.0927734375
1 0.64697265625 0.45458984375 0.0654296875 0.1142578125
1 0.667236328125 0.46826171875 0.06982421875 0.1376953125
0 0.731201171875 0.39697265625 0.01416015625 0.0283203125
1 0.71435546875 0.4853515625 0.1337890625 0.1640625
1 0.874755859375 0.5625 0.24560546875 0.40234375
1 0.97119140625 0.734375 0.0537109375 0.34765625
1 0.202880859375 0.494140625 0.14794921875 0.232421875
1 0.08935546875 0.556640625 0.181640625 0.333984375
