1 0.60791015625 0.45947265625 0.05859375 0.1376953125
1 0.619384765625 0.4794921875 0.06689453125 0.119140625
0 0.725341796875 0.4775390625 0.01708984375 0.134765625
0 0.802490234375 0.48486328125 0.03271484375 0.1591796875
0 0.862548828125 0.4853515625 0.03662109375 0.197265625
1 0.441650390625 0.48095703125 0.02294921875 0.0400390625
1 0.42529296875 0.4794921875 0.0185546875 0.046875
1 0.409912109375 0.4794921875 0.03076171875 0.052734375
1 0.39111328125 0.48193359375 0.041015625 0.0615234375
1 0.319580078125 0.45849609375 0.11279296875 0.1552734375
0 0.065185546875 0.482421875 0.02587890625 0.130859375
1 0.2734375 0.49755859375 0.0703125 0.1201171875
1 0.197998046875 0.50537109375 0.11767578125 0.1474609375
0 0.517822265625 0.474609375 0.00927734375 0.052734375
