1 0.499755859375 0.4228515625 0.05419921875 0.048828125
1 0.43798828125 0.42138671875 0.0244140625 0.0498046875
1 0.37646484375 0.41650390625 0.052734375 0.0537109375
1 0.41552734375 0.42431640625 0.05859375 0.0576171875
1 0.3291015625 0.41650390625 0.052734375 0.0537109375
1 0.228271484375 0.4091796875 0.05322265625 0.078125
1 0.27099609375 0.41650390625 0.07421875 0.0908203125
1 0.1728515625 0.4150390625 0.072265625 0.07421875
1 0.062255859375 0.41650390625 0.08642578125 0.1123046875
1 0.563232421875 0.43017578125 0.09521484375 0.1455078125
1 0.563232421875 0.43017578125 0.09521484375 0.1455078125
1 0.566162109375 0.45361328125 0.08935546875 0.1923828125
1 0.566162109375 0.45361328125 0.08935546875 0.1923828125
1 0.682373046875 0.4443359375 0.20263671875 0.314453125
