1 0.49169921875 0.4912109375 0.0078125 0.01171875
1 0.531494140625 0.48388671875 0.02001953125 0.0263671875
1 0.516845703125 0.4619140625 0.05126953125 0.078125
1 0.60009765625 0.4609375 0.0263671875 0.095703125
1 0.640869140625 0.45263671875 0.07568359375 0.1376953125
1 0.65478515625 0.4716796875 0.068359375 0.14453125
1 0.6806640625 0.482421875 0.0810546875 0.181640625
1 0.763427734375 0.50927734375 0.16845703125 0.2392578125
0 0.410400390625 0.47705078125 0.00537109375 0.0283203125
0 0.404052734375 0.47265625 0.00830078125 0.03515625
0 0.38916015625 0.4716796875 0.0048828125 0.0390625
0 0.338134765625 0.4501953125 0.02001953125 0.080078125
