1 0.33837890625 0.38818359375 0.01953125 0.0302734375
1 0.415771484375 0.37841796875 0.01416015625 0.0322265625
1 0.38134765625 0.40869140625 0.0146484375 0.0302734375
1 0.369384765625 0.41259765625 0.02001953125 0.0341796875
1 0.355224609375 0.4189453125 0.02587890625 0.0390625
1 0.344482421875 0.427734375 0.02392578125 0.041015625
1 0.329345703125 0.4384765625 0.02978515625 0.05078125
1 0.24951171875 0.4453125 0.0322265625 0.04296875
1 0.224853515625 0.44873046875 0.02685546875 0.0380859375
1 0.381591796875 0.458984375 0.04248046875 0.056640625
1 0.94140625 0.4267578125 0.0263671875 0.04296875
1 0.86181640625 0.43017578125 0.0263671875 0.0380859375
1 0.798583984375 0.4306640625 0.02880859375 0.04296875
1 0.83154296875 0.43359375 0.052734375 0.060546875
1 0.71923828125 0.4296875 0.017578125 0.03515625
1 0.709716796875 0.4443359375 0.02880859375 0.060546875
1 0.76220703125 0.4453125 0.0810546875 0.09375
1 0.637451171875 0.43212890625 0.13818359375 0.1748046875
0 0.254638671875 0.44970703125 0.01123046875 0.0478515625
1 0.154052734375 0.51123046875 0.31103515625 0.2236328125
