0 0.568359375 0.38232421875 0.0068359375 0.0244140625
1 0.600830078125 0.40625 0.02392578125 0.04296875
0 0.78125 0.41650390625 0.0322265625 0.1845703125
1 0.634521484375 0.42724609375 0.07666015625 0.1357421875
1 0.71728515625 0.4638671875 0.1240234375 0.18359375
1 0.981201171875 0.34716796875 0.03271484375 0.2958984375
1 0.413818359375 0.41162109375 0.03173828125 0.0556640625
1 0.51513671875 0.40869140625 0.05078125 0.0576171875
1 0.55322265625 0.41015625 0.0400390625 0.0703125
0 0.329345703125 0.41357421875 0.01220703125 0.0615234375
1 0.36572265625 0.43017578125 0.048828125 0.0673828125
0 0.06201171875 0.43603515625 0.025390625 0.1005859375
1 0.303466796875 0.4443359375 0.03857421875 0.103515625
1 0.24853515625 0.4521484375 0.115234375 0.16015625
1 0.03759765625 0.5048828125 0.076171875 0.3125
