0 0.167724609375 0.45068359375 0.00634765625 0.0224609375
0 0.1748046875 0.45458984375 0.005859375 0.0244140625
0 0.21337890625 0.453125 0.0048828125 0.021484375
0 0.228515625 0.44091796875 0.0068359375 0.0244140625
0 0.332763671875 0.44384765625 0.01025390625 0.0537109375
0 0.3671875 0.44921875 0.0068359375 0.044921875
0 0.38525390625 0.44140625 0.0107421875 0.06640625
0 0.54541015625 0.4462890625 0.017578125 0.078125
0 0.6015625 0.4443359375 0.0146484375 0.087890625
0 0.245361328125 0.47607421875 0.06396484375 0.3310546875
0 0.30908203125 0.5205078125 0.12109375 0.396484375
0 0.262939453125 0.50634765625 0.10791015625 0.4599609375
0 0.685791015625 0.4501953125 0.01318359375 0.08984375
0 0.67431640625 0.44921875 0.0146484375 0.091796875
0 0.66162109375 0.451171875 0.017578125 0.0859375
0 0.63720703125 0.45556640625 0.0126953125 0.0751953125
0 0.62451171875 0.44873046875 0.017578125 0.0849609375
0 0.40185546875 0.43701171875 0.0126953125 0.0673828125
