1 0.540283203125 0.384765625 0.01806640625 0.03125
1 0.4775390625 0.416015625 0.0302734375 0.0546875
1 0.41357421875 0.43310546875 0.08203125 0.1572265625
1 0.3896484375 0.4677734375 0.048828125 0.18359375
1 0.26220703125 0.462890625 0.26171875 0.416015625
1 0.121826171875 0.65283203125 0.24658203125 0.6865234375
1 0.583740234375 0.44873046875 0.03369140625 0.1064453125
1 0.59375 0.45703125 0.0400390625 0.115234375
1 0.61572265625 0.46630859375 0.0537109375 0.1455078125
1 0.67431640625 0.486328125 0.1376953125 0.189453125
1 0.857177734375 0.57958984375 0.28173828125 0.6767578125
