1 0.56591796875 0.36083984375 0.013671875 0.0302734375
0 0.561279296875 0.39111328125 0.00732421875 0.0419921875
1 0.575439453125 0.38916015625 0.02099609375 0.0478515625
1 0.591796875 0.39697265625 0.0322265625 0.0615234375
0 0.631591796875 0.3779296875 0.00732421875 0.044921875
0 0.63671875 0.376953125 0.0078125 0.029296875
1 0.596435546875 0.40966796875 0.04248046875 0.0732421875
0 0.667236328125 0.37744140625 0.01025390625 0.0439453125
0 0.676513671875 0.376953125 0.00830078125 0.046875
0 0.6728515625 0.38232421875 0.01171875 0.0419921875
0 0.775634765625 0.435546875 0.01318359375 0.130859375
0 0.767578125 0.44970703125 0.0380859375 0.1884765625
0 0.764404296875 0.53271484375 0.00927734375 0.0185546875
0 0.7490234375 0.37841796875 0.0146484375 0.0419921875
0 0.82080078125 0.4208984375 0.0185546875 0.111328125
0 0.986328125 0.43212890625 0.0146484375 0.1572265625
1 0.50244140625 0.3740234375 0.0166015625 0.025390625
0 0.51806640625 0.373046875 0.0078125 0.017578125
1 0.493896484375 0.3779296875 0.01318359375 0.021484375
1 0.48046875 0.38232421875 0.0234375 0.0380859375
0 0.41943359375 0.3828125 0.0068359375 0.0390625
0 0.423095703125 0.39453125 0.01025390625 0.048828125
0 0.4111328125 0.392578125 0.005859375 0.0546875
0 0.40625 0.39794921875 0.0078125 0.0615234375
0 0.3916015625 0.3876953125 0.01953125 0.044921875
0 0.3759765625 0.390625 0.0078125 0.05859375
0 0.379150390625 0.390625 0.01123046875 0.052734375
0 0.38916015625 0.404296875 0.013671875 0.072265625
0 0.366943359375 0.38818359375 0.01220703125 0.0478515625
0 0.3525390625 0.39111328125 0.0107421875 0.0498046875
0 0.3603515625 0.39111328125 0.01171875 0.0693359375
0 0.3466796875 0.40673828125 0.013671875 0.0673828125
0 0.322021484375 0.39306640625 0.01220703125 0.0322265625
0 0.310302734375 0.35009765625 0.00830078125 0.0126953125
0 0.290283203125 0.37353515625 0.00537109375 0.0263671875
0 0.2802734375 0.3623046875 0.0068359375 0.03125
0 0.2724609375 0.38232421875 0.013671875 0.0439453125
0 0.279541015625 0.43212890625 0.02099609375 0.1337890625
0 0.25 0.4306640625 0.0205078125 0.1328125
0 0.2255859375 0.4111328125 0.0244140625 0.076171875
0 0.203857421875 0.36865234375 0.01611328125 0.0556640625
0 0.2158203125 0.4140625 0.0244140625 0.07421875
0 0.20458984375 0.41162109375 0.02734375 0.0751953125
0 0.158447265625 0.359375 0.00732421875 0.01953125
0 0.16552734375 0.37744140625 0.0087890625 0.0205078125
0 0.1708984375 0.427734375 0.0419921875 0.130859375
0 0.128173828125 0.388671875 0.02685546875 0.06640625
0 0.0830078125 0.42236328125 0.0322265625 0.0849609375
0 0.029296875 0.419921875 0.029296875 0.09765625
0 0.0478515625 0.4189453125 0.029296875 0.09375
0 0.00048828125 0.39501953125 0.00390625 0.0224609375
0 0.006103515625 0.60595703125 0.01513671875 0.0888671875
0 0.14501953125 0.4912109375 0.09375 0.32421875
0 0.229248046875 0.541015625 0.02783203125 0.158203125
0 0.3427734375 0.53125 0.009765625 0.01171875
0 0.3447265625 0.4716796875 0.0693359375 0.283203125
0 0.297607421875 0.47119140625 0.07958984375 0.3330078125
0 0.515625 0.43359375 0.0263671875 0.12890625
0 0.526123046875 0.43701171875 0.02392578125 0.1767578125
0 0.548583984375 0.44384765625 0.06396484375 0.2431640625
0 0.539306640625 0.322265625 0.02783203125 0.080078125
0 0.55078125 0.46337890625 0.048828125 0.2255859375
0 0.7294921875 0.564453125 0.1005859375 0.587890625
0 0.876953125 0.470703125 0.140625 0.466796875
0 0.885009765625 0.48193359375 0.11767578125 0.5185546875
