1 0.51025390625 0.45751953125 0.0185546875 0.0439453125
1 0.43505859375 0.4599609375 0.009765625 0.041015625
1 0.428466796875 0.45849609375 0.01416015625 0.0439453125
1 0.407958984375 0.46875 0.02392578125 0.060546875
1 0.522705078125 0.462890625 0.01708984375 0.0546875
1 0.544677734375 0.46044921875 0.04931640625 0.0771484375
1 0.395751953125 0.47509765625 0.03173828125 0.0751953125
1 0.38623046875 0.48486328125 0.025390625 0.0927734375
1 0.369140625 0.48828125 0.048828125 0.109375
1 0.3330078125 0.494140625 0.068359375 0.138671875
0 0.46923828125 0.46044921875 0.0263671875 0.1220703125
0 0.443603515625 0.4658203125 0.02490234375 0.119140625
1 0.64794921875 0.50146484375 0.09375 0.1787109375
1 0.734375 0.5341796875 0.1865234375 0.2421875
1 0.92724609375 0.65625 0.1416015625 0.466796875
1 0.275634765625 0.521484375 0.11572265625 0.224609375
1 0.1484375 0.58154296875 0.263671875 0.3564453125
