1 0.528564453125 0.4091796875 0.02490234375 0.037109375
1 0.499267578125 0.42724609375 0.01025390625 0.0244140625
1 0.4853515625 0.4248046875 0.0146484375 0.025390625
1 0.51220703125 0.419921875 0.021484375 0.052734375
0 0.900634765625 0.45849609375 0.03466796875 0.2294921875
1 0.345458984375 0.4150390625 0.01025390625 0.015625
1 0.333984375 0.41552734375 0.015625 0.0185546875
0 0.25927734375 0.41259765625 0.0048828125 0.0263671875
0 0.248046875 0.4150390625 0.005859375 0.02734375
1 0.294677734375 0.419921875 0.02978515625 0.033203125
1 0.137451171875 0.423828125 0.05810546875 0.056640625
1 0.003662109375 0.4326171875 0.01025390625 0.060546875
1 0.375244140625 0.4150390625 0.00537109375 0.021484375
0 0.213623046875 0.5126953125 0.08447265625 0.384765625
0 0.192138671875 0.51318359375 0.09130859375 0.4150390625
0 0.419677734375 0.49609375 0.08251953125 0.3984375
0 0.413330078125 0.49609375 0.11962890625 0.453125
