1 0.62939453125 0.4384765625 0.021484375 0.083984375
1 0.657470703125 0.443359375 0.06396484375 0.107421875
1 0.709716796875 0.48046875 0.09423828125 0.162109375
0 0.843994140625 0.3779296875 0.01220703125 0.01171875
1 0.8134765625 0.51611328125 0.19921875 0.2841796875
1 0.93212890625 0.56201171875 0.1328125 0.5576171875
0 0.516357421875 0.42626953125 0.00927734375 0.0615234375
1 0.49658203125 0.43212890625 0.044921875 0.0595703125
1 0.560302734375 0.41943359375 0.04052734375 0.0888671875
0 0.2373046875 0.4033203125 0.017578125 0.03515625
