1 0.51025390625 0.38818359375 0.0048828125 0.0068359375
1 0.510986328125 0.39697265625 0.00732421875 0.0166015625
1 0.517578125 0.3955078125 0.0087890625 0.01171875
1 0.523681640625 0.40869140625 0.01416015625 0.0263671875
1 0.52783203125 0.42919921875 0.009765625 0.0244140625
1 0.538330078125 0.42578125 0.02001953125 0.044921875
1 0.54296875 0.4365234375 0.0166015625 0.05078125
1 0.5478515625 0.43701171875 0.0205078125 0.0537109375
1 0.563232421875 0.43896484375 0.02978515625 0.0693359375
1 0.576904296875 0.44287109375 0.02587890625 0.0986328125
1 0.592041015625 0.45263671875 0.04833984375 0.1162109375
1 0.612548828125 0.47314453125 0.04833984375 0.1474609375
1 0.671142578125 0.482421875 0.13037109375 0.201171875
0 0.82666015625 0.3515625 0.0146484375 0.03125
1 0.87255859375 0.587890625 0.25 0.54296875
1 0.96826171875 0.806640625 0.0576171875 0.37890625
1 0.470458984375 0.4326171875 0.01318359375 0.0234375
1 0.466552734375 0.4345703125 0.01220703125 0.021484375
1 0.4609375 0.43408203125 0.013671875 0.0224609375
1 0.458251953125 0.43798828125 0.01123046875 0.0244140625
1 0.45263671875 0.439453125 0.0107421875 0.0234375
1 0.4365234375 0.44140625 0.017578125 0.03515625
1 0.4296875 0.4453125 0.015625 0.033203125
1 0.41845703125 0.44677734375 0.017578125 0.0400390625
1 0.404541015625 0.45263671875 0.03369140625 0.0419921875
1 0.485595703125 0.43212890625 0.01806640625 0.0322265625
1 0.508056640625 0.435546875 0.03955078125 0.0703125
1 0.3212890625 0.52392578125 0.16796875 0.2158203125
0 0.067626953125 0.47314453125 0.03271484375 0.1298828125
1 0.03857421875 0.53076171875 0.078125 0.2060546875
