0 0.47607421875 0.4169921875 0.00390625 0.01953125
0 0.480712890625 0.4169921875 0.00341796875 0.01953125
0 0.48388671875 0.41552734375 0.0048828125 0.0263671875
0 0.497802734375 0.4140625 0.00341796875 0.01953125
0 0.49169921875 0.4150390625 0.0048828125 0.021484375
0 0.48828125 0.416015625 0.0029296875 0.01953125
0 0.52490234375 0.40087890625 0.0029296875 0.0068359375
1 0.52490234375 0.42041015625 0.017578125 0.0380859375
1 0.527587890625 0.423828125 0.01806640625 0.04296875
1 0.556640625 0.42041015625 0.0322265625 0.0576171875
0 0.537109375 0.4248046875 0.01171875 0.080078125
0 0.550537109375 0.42431640625 0.01416015625 0.0771484375
0 0.704833984375 0.447265625 0.02783203125 0.119140625
0 0.955078125 0.3876953125 0.021484375 0.103515625
1 0.416015625 0.43603515625 0.05078125 0.1005859375
0 0.34423828125 0.427734375 0.00390625 0.041015625
0 0.3212890625 0.41357421875 0.005859375 0.0166015625
0 0.306884765625 0.43115234375 0.00830078125 0.0458984375
0 0.294677734375 0.42724609375 0.01220703125 0.0498046875
1 0.391845703125 0.45556640625 0.06494140625 0.1103515625
0 0.137451171875 0.4443359375 0.02490234375 0.119140625
0 0.1103515625 0.44921875 0.015625 0.115234375
