1 0.45068359375 0.33251953125 0.009765625 0.0126953125
1 0.4482421875 0.33984375 0.0087890625 0.01171875
1 0.482421875 0.3994140625 0.0244140625 0.021484375
1 0.487548828125 0.41162109375 0.02685546875 0.0185546875
0 0.42138671875 0.37255859375 0.00390625 0.0263671875
1 0.38232421875 0.44189453125 0.0185546875 0.0322265625
1 0.42724609375 0.41259765625 0.0146484375 0.0263671875
0 0.231689453125 0.45361328125 0.01025390625 0.0810546875
1 0.596435546875 0.45703125 0.07958984375 0.125
1 0.364990234375 0.44287109375 0.02490234375 0.0419921875
1 0.340087890625 0.44873046875 0.03173828125 0.0478515625
1 0.867431640625 0.5498046875 0.26123046875 0.4375
