1 0.79541015625 0.44091796875 0.125 0.0771484375
1 0.40380859375 0.435546875 0.0185546875 0.025390625
1 0.30615234375 0.4287109375 0.048828125 0.0859375
1 0.231689453125 0.42236328125 0.03759765625 0.0263671875
1 0.218994140625 0.447265625 0.02197265625 0.0390625
1 0.242919921875 0.45263671875 0.04931640625 0.0673828125
1 0.150390625 0.45068359375 0.0498046875 0.0615234375
1 0.565673828125 0.4267578125 0.01025390625 0.01953125
1 0.544189453125 0.42919921875 0.01220703125 0.0224609375
1 0.5322265625 0.431640625 0.015625 0.0234375
1 0.510498046875 0.439453125 0.03173828125 0.05078125
1 0.441162109375 0.4326171875 0.05029296875 0.095703125
