1 0.512451171875 0.26171875 0.01416015625 0.015625
1 0.5283203125 0.25830078125 0.0068359375 0.0166015625
1 0.463134765625 0.25732421875 0.00537109375 0.0185546875
1 0.457275390625 0.2548828125 0.01318359375 0.025390625
1 0.455810546875 0.25634765625 0.01416015625 0.0224609375
1 0.4541015625 0.25830078125 0.013671875 0.0205078125
1 0.453125 0.26318359375 0.0146484375 0.0263671875
1 0.4462890625 0.26611328125 0.0185546875 0.0244140625
1 0.4443359375 0.27392578125 0.0146484375 0.0205078125
1 0.43603515625 0.27490234375 0.01171875 0.0185546875
1 0.435546875 0.2763671875 0.01171875 0.015625
1 0.431640625 0.28515625 0.015625 0.0234375
1 0.427490234375 0.294921875 0.02099609375 0.033203125
1 0.42431640625 0.30224609375 0.021484375 0.0380859375
1 0.4169921875 0.30810546875 0.0224609375 0.0419921875
1 0.40234375 0.32275390625 0.0234375 0.0595703125
1 0.399658203125 0.34228515625 0.01708984375 0.0458984375
1 0.478515625 0.26416015625 0.017578125 0.0283203125
1 0.454345703125 0.3193359375 0.03759765625 0.080078125
1 0.44140625 0.3623046875 0.04296875 0.07421875
1 0.53271484375 0.2568359375 0.009765625 0.021484375
1 0.538330078125 0.259765625 0.01513671875 0.0234375
1 0.541748046875 0.26318359375 0.01416015625 0.0205078125
1 0.542724609375 0.2685546875 0.01513671875 0.025390625
1 0.5458984375 0.2763671875 0.0166015625 0.029296875
1 0.564453125 0.2548828125 0.0146484375 0.0234375
1 0.570556640625 0.26416015625 0.01611328125 0.0302734375
1 0.56298828125 0.32080078125 0.021484375 0.0458984375
1 0.564208984375 0.33447265625 0.01806640625 0.0458984375
1 0.61962890625 0.326171875 0.0322265625 0.046875
1 0.63037109375 0.34375 0.0263671875 0.05859375
1 0.53125 0.455078125 0.1015625 0.1640625
