1 0.45751953125 0.4326171875 0.013671875 0.013671875
1 0.480224609375 0.41748046875 0.01513671875 0.0224609375
0 0.4736328125 0.421875 0.0078125 0.029296875
0 0.536865234375 0.40576171875 0.00634765625 0.0185546875
0 0.14501953125 0.416015625 0.0087890625 0.052734375
1 0.5087890625 0.4375 0.0244140625 0.056640625
1 0.49267578125 0.4423828125 0.0439453125 0.0703125
1 0.42822265625 0.4033203125 0.025390625 0.013671875
1 0.435791015625 0.4365234375 0.02685546875 0.06640625
1 0.37548828125 0.40673828125 0.03515625 0.0419921875
1 0.412109375 0.4404296875 0.0498046875 0.083984375
1 0.357177734375 0.43115234375 0.04638671875 0.0830078125
1 0.346435546875 0.4462890625 0.03857421875 0.07421875
1 0.402099609375 0.45849609375 0.07080078125 0.1025390625
1 0.2685546875 0.50390625 0.1904296875 0.27734375
