1 0.463623046875 0.41162109375 0.01513671875 0.0283203125
0 0.439697265625 0.42333984375 0.00537109375 0.0224609375
1 0.451904296875 0.42919921875 0.02490234375 0.0400390625
1 0.492431640625 0.41796875 0.01513671875 0.017578125
1 0.511962890625 0.41552734375 0.01416015625 0.0146484375
1 0.501953125 0.41748046875 0.013671875 0.0283203125
1 0.51806640625 0.41796875 0.0107421875 0.021484375
1 0.543701171875 0.42626953125 0.02783203125 0.0380859375
0 0.6591796875 0.408203125 0.0126953125 0.03125
1 0.65966796875 0.4208984375 0.0498046875 0.037109375
1 0.573486328125 0.431640625 0.06298828125 0.048828125
1 0.57568359375 0.4521484375 0.044921875 0.07421875
1 0.608154296875 0.4541015625 0.05615234375 0.091796875
0 0.43212890625 0.42578125 0.0068359375 0.03125
0 0.423583984375 0.4287109375 0.00830078125 0.037109375
1 0.3935546875 0.43505859375 0.05859375 0.0400390625
1 0.315185546875 0.427734375 0.04931640625 0.0390625
1 0.341064453125 0.4599609375 0.04638671875 0.08203125
1 0.3125 0.47119140625 0.0556640625 0.0927734375
0 0.230712890625 0.4169921875 0.00732421875 0.01953125
1 0.267822265625 0.47314453125 0.07763671875 0.1318359375
1 0.195068359375 0.490234375 0.10107421875 0.150390625
1 0.08544921875 0.51806640625 0.173828125 0.2060546875
1 0.00830078125 0.56689453125 0.01953125 0.1845703125
1 0.474609375 0.43017578125 0.04296875 0.0380859375
