1 0.365966796875 0.43310546875 0.02490234375 0.0302734375
1 0.371826171875 0.4423828125 0.02978515625 0.041015625
1 0.258544921875 0.4462890625 0.03369140625 0.05859375
1 0.22412109375 0.44482421875 0.0537109375 0.0927734375
1 0.14208984375 0.4853515625 0.1015625 0.1171875
0 0.060546875 0.46044921875 0.01171875 0.1337890625
0 0.021728515625 0.458984375 0.03076171875 0.1484375
1 0.007568359375 0.58544921875 0.01806640625 0.1708984375
1 0.45947265625 0.4345703125 0.0546875 0.107421875
1 0.4697265625 0.44921875 0.0556640625 0.095703125
1 0.501953125 0.453125 0.0625 0.10546875
1 0.510009765625 0.466796875 0.05615234375 0.134765625
1 0.57861328125 0.470703125 0.1298828125 0.193359375
1 0.884033203125 0.546875 0.22900390625 0.419921875
