1 0.906982421875 0.419921875 0.11376953125 0.09375
1 0.52587890625 0.43798828125 0.029296875 0.0458984375
1 0.357666015625 0.4287109375 0.01318359375 0.01953125
0 0.77978515625 0.44140625 0.02734375 0.1484375
0 0.814697265625 0.45654296875 0.02783203125 0.1259765625
0 0.680908203125 0.412109375 0.01220703125 0.029296875
1 0.709716796875 0.453125 0.09033203125 0.12109375
1 0.28759765625 0.49169921875 0.173828125 0.2294921875
1 0.50048828125 0.42724609375 0.0087890625 0.0283203125
1 0.492431640625 0.427734375 0.01513671875 0.03125
1 0.4814453125 0.4296875 0.021484375 0.033203125
1 0.462158203125 0.4365234375 0.02880859375 0.060546875
1 0.43212890625 0.44775390625 0.0576171875 0.0830078125
