1 0.498046875 0.31689453125 0.0068359375 0.0146484375
1 0.424072265625 0.298828125 0.01708984375 0.009765625
1 0.4072265625 0.29638671875 0.013671875 0.0068359375
1 0.4052734375 0.30419921875 0.0146484375 0.0166015625
1 0.404541015625 0.30859375 0.01611328125 0.013671875
1 0.400634765625 0.31005859375 0.01416015625 0.0185546875
1 0.387939453125 0.31689453125 0.02197265625 0.0302734375
1 0.38525390625 0.32275390625 0.01953125 0.0283203125
1 0.373046875 0.32275390625 0.021484375 0.0341796875
1 0.367431640625 0.326171875 0.02490234375 0.03515625
1 0.363037109375 0.333984375 0.02685546875 0.04296875
1 0.35693359375 0.33984375 0.02734375 0.05078125
1 0.348388671875 0.34423828125 0.02783203125 0.0498046875
1 0.327880859375 0.34130859375 0.03759765625 0.0439453125
1 0.28857421875 0.35888671875 0.0498046875 0.0791015625
1 0.262451171875 0.36474609375 0.06103515625 0.0478515625
1 0.437255859375 0.3134765625 0.01806640625 0.03125
1 0.42333984375 0.32080078125 0.0263671875 0.0458984375
1 0.41845703125 0.333984375 0.0283203125 0.048828125
1 0.411865234375 0.34375 0.02978515625 0.0546875
1 0.3935546875 0.36474609375 0.048828125 0.0732421875
1 0.33203125 0.4072265625 0.0732421875 0.11328125
1 0.23779296875 0.46142578125 0.150390625 0.2021484375
1 0.47802734375 0.3115234375 0.0185546875 0.02734375
1 0.502685546875 0.31298828125 0.00634765625 0.0224609375
1 0.510009765625 0.31201171875 0.01416015625 0.0302734375
1 0.5185546875 0.31787109375 0.021484375 0.0380859375
1 0.52392578125 0.32373046875 0.0224609375 0.0400390625
1 0.5439453125 0.30712890625 0.017578125 0.0322265625
1 0.55810546875 0.3115234375 0.025390625 0.0390625
1 0.73095703125 0.38916015625 0.076171875 0.1201171875
1 0.5703125 0.36376953125 0.0498046875 0.0771484375
1 0.580810546875 0.38232421875 0.05029296875 0.0830078125
1 0.510986328125 0.46533203125 0.12353515625 0.1923828125
