1 0.425048828125 0.41552734375 0.02392578125 0.0419921875
1 0.410400390625 0.43994140625 0.02490234375 0.0322265625
1 0.44775390625 0.443359375 0.0224609375 0.041015625
1 0.484130859375 0.43994140625 0.03955078125 0.0693359375
1 0.510986328125 0.44580078125 0.04345703125 0.0830078125
1 0.549072265625 0.4619140625 0.05224609375 0.095703125
1 0.35986328125 0.45654296875 0.017578125 0.0576171875
1 0.309814453125 0.470703125 0.05712890625 0.126953125
1 0.265625 0.48681640625 0.0849609375 0.1591796875
1 0.203125 0.513671875 0.123046875 0.193359375
1 0.58056640625 0.4736328125 0.076171875 0.12890625
1 0.66162109375 0.49267578125 0.1416015625 0.1845703125
1 0.85205078125 0.57275390625 0.2900390625 0.4033203125
1 0.928466796875 0.673828125 0.13720703125 0.482421875
0 0.398681640625 0.44873046875 0.02099609375 0.0732421875
1 0.08935546875 0.57763671875 0.181640625 0.3017578125
