1 0.665283203125 0.43115234375 0.00732421875 0.0087890625
1 0.626220703125 0.42431640625 0.01513671875 0.0263671875
1 0.60009765625 0.42919921875 0.0185546875 0.0537109375
1 0.5830078125 0.43017578125 0.0341796875 0.0634765625
1 0.574462890625 0.44140625 0.03076171875 0.05078125
1 0.567138671875 0.44580078125 0.02783203125 0.0576171875
0 0.427734375 0.43212890625 0.0087890625 0.0341796875
0 0.4609375 0.4384765625 0.0166015625 0.068359375
1 0.511962890625 0.447265625 0.10107421875 0.171875
1 0.687744140625 0.42431640625 0.01416015625 0.0419921875
1 0.725341796875 0.43798828125 0.05322265625 0.0927734375
1 0.747314453125 0.46240234375 0.09521484375 0.1337890625
