1 0.5244140625 0.3876953125 0.009765625 0.015625
1 0.584716796875 0.43505859375 0.03564453125 0.0576171875
1 0.616943359375 0.45166015625 0.05615234375 0.0927734375
1 0.64794921875 0.45703125 0.052734375 0.107421875
1 0.680908203125 0.4658203125 0.06103515625 0.1328125
1 0.747802734375 0.47802734375 0.14404296875 0.1923828125
0 0.782470703125 0.4697265625 0.03759765625 0.228515625
1 0.48291015625 0.4228515625 0.0244140625 0.0390625
0 0.462890625 0.43017578125 0.0107421875 0.0380859375
0 0.4716796875 0.4267578125 0.01171875 0.041015625
0 0.4765625 0.431640625 0.017578125 0.060546875
0 0.45068359375 0.4365234375 0.0146484375 0.052734375
0 0.416015625 0.43408203125 0.009765625 0.0576171875
1 0.36669921875 0.42236328125 0.0751953125 0.1533203125
1 0.264892578125 0.427734375 0.13623046875 0.2265625
1 0.53271484375 0.4365234375 0.03515625 0.048828125
