0 0.607666015625 0.40625 0.00927734375 0.0546875
0 0.666748046875 0.419921875 0.01513671875 0.0703125
0 0.7626953125 0.4228515625 0.0263671875 0.125
0 0.944580078125 0.43505859375 0.03662109375 0.2666015625
0 0.97216796875 0.44677734375 0.052734375 0.2451171875
0 0.228271484375 0.39501953125 0.01220703125 0.0263671875
1 0.475341796875 0.38916015625 0.01904296875 0.0380859375
1 0.462158203125 0.4140625 0.03466796875 0.0625
1 0.510009765625 0.43115234375 0.07373046875 0.1357421875
0 0.6796875 0.427734375 0.015625 0.07421875
1 0.329833984375 0.44873046875 0.04248046875 0.1025390625
1 0.2890625 0.455078125 0.0859375 0.138671875
1 0.22900390625 0.47900390625 0.1064453125 0.1494140625
1 0.117431640625 0.50390625 0.16455078125 0.2109375
1 0.03076171875 0.52197265625 0.0625 0.2685546875
