0 0.231689453125 0.45068359375 0.00537109375 0.0341796875
0 0.252197265625 0.45166015625 0.00830078125 0.0263671875
0 0.261474609375 0.447265625 0.00732421875 0.03125
1 0.021240234375 0.4599609375 0.04541015625 0.091796875
0 0.0517578125 0.47412109375 0.0107421875 0.0458984375
1 0.292236328125 0.4521484375 0.02783203125 0.01953125
1 0.3564453125 0.44482421875 0.0224609375 0.0205078125
1 0.48828125 0.423828125 0.009765625 0.0234375
1 0.55908203125 0.3896484375 0.0126953125 0.013671875
1 0.59716796875 0.39404296875 0.0087890625 0.0166015625
1 0.594482421875 0.3994140625 0.00634765625 0.0078125
1 0.603515625 0.404296875 0.0087890625 0.013671875
1 0.5947265625 0.4052734375 0.009765625 0.013671875
1 0.57958984375 0.4140625 0.013671875 0.01953125
1 0.572998046875 0.43359375 0.01220703125 0.025390625
1 0.585205078125 0.44287109375 0.02587890625 0.0517578125
1 0.60009765625 0.44873046875 0.0458984375 0.0732421875
1 0.556640625 0.42236328125 0.01953125 0.0537109375
0 0.4375 0.4306640625 0.00390625 0.017578125
1 0.45068359375 0.4326171875 0.0146484375 0.009765625
1 0.419677734375 0.43017578125 0.02685546875 0.0322265625
0 0.4208984375 0.4365234375 0.0048828125 0.017578125
1 0.388916015625 0.43701171875 0.02099609375 0.0224609375
1 0.525634765625 0.46630859375 0.08740234375 0.1416015625
1 0.657470703125 0.42333984375 0.06298828125 0.1123046875
1 0.728515625 0.41064453125 0.09375 0.1748046875
1 0.92138671875 0.44384765625 0.0634765625 0.1318359375
1 0.96484375 0.43603515625 0.06640625 0.1904296875
1 0.82373046875 0.5068359375 0.224609375 0.275390625
