1 0.562255859375 0.41162109375 0.02587890625 0.0166015625
1 0.544189453125 0.41259765625 0.01904296875 0.0126953125
1 0.633056640625 0.4208984375 0.01123046875 0.017578125
1 0.732666015625 0.419921875 0.02587890625 0.025390625
1 0.505615234375 0.41357421875 0.01025390625 0.0283203125
1 0.4912109375 0.416015625 0.0166015625 0.025390625
1 0.430419921875 0.4267578125 0.01904296875 0.046875
1 0.385009765625 0.416015625 0.03076171875 0.046875
1 0.406982421875 0.41748046875 0.03173828125 0.0419921875
1 0.409912109375 0.4287109375 0.03857421875 0.0546875
1 0.380859375 0.42138671875 0.013671875 0.0361328125
1 0.374267578125 0.42529296875 0.01708984375 0.0517578125
1 0.333984375 0.42236328125 0.01953125 0.0400390625
1 0.3544921875 0.42431640625 0.0390625 0.0595703125
1 0.270263671875 0.416015625 0.02978515625 0.056640625
1 0.277099609375 0.419921875 0.01904296875 0.06640625
1 0.246826171875 0.42236328125 0.03271484375 0.0537109375
1 0.218994140625 0.4248046875 0.04736328125 0.05859375
1 0.119873046875 0.390625 0.07373046875 0.076171875
0 0.080322265625 0.400390625 0.01220703125 0.0546875
0 0.1337890625 0.400390625 0.0107421875 0.041015625
1 0.1591796875 0.41845703125 0.0576171875 0.0673828125
0 0.5126953125 0.427734375 0.0224609375 0.083984375
0 0.450439453125 0.41796875 0.01123046875 0.056640625
0 0.30224609375 0.52197265625 0.130859375 0.4462890625
0 0.906982421875 0.439453125 0.02587890625 0.08203125
