0 0.731689453125 0.36865234375 0.00341796875 0.0185546875
1 0.519775390625 0.408203125 0.01025390625 0.017578125
1 0.5341796875 0.4140625 0.01953125 0.029296875
0 0.522705078125 0.41552734375 0.00341796875 0.0263671875
0 0.52734375 0.41650390625 0.00390625 0.0283203125
1 0.54052734375 0.4296875 0.0146484375 0.037109375
1 0.54638671875 0.4306640625 0.015625 0.0390625
1 0.56884765625 0.421875 0.046875 0.1015625
1 0.56787109375 0.44873046875 0.021484375 0.0712890625
1 0.57861328125 0.44775390625 0.041015625 0.0810546875
1 0.6103515625 0.46142578125 0.0546875 0.1064453125
1 0.6806640625 0.46923828125 0.1298828125 0.1943359375
1 0.737548828125 0.50830078125 0.15576171875 0.2275390625
1 0.859130859375 0.583984375 0.27587890625 0.337890625
1 0.978271484375 0.77197265625 0.03955078125 0.3642578125
0 0.474609375 0.41162109375 0.00390625 0.0185546875
0 0.471435546875 0.41162109375 0.00341796875 0.0166015625
0 0.464599609375 0.41552734375 0.00634765625 0.0322265625
0 0.459716796875 0.4169921875 0.00439453125 0.021484375
0 0.455322265625 0.41552734375 0.00537109375 0.0263671875
1 0.35986328125 0.4736328125 0.1064453125 0.140625
