1 0.50146484375 0.40771484375 0.0048828125 0.0087890625
1 0.5087890625 0.404296875 0.0048828125 0.005859375
1 0.514892578125 0.4052734375 0.00439453125 0.005859375
0 0.516845703125 0.45361328125 0.00244140625 0.0166015625
0 0.499755859375 0.45166015625 0.00244140625 0.0146484375
1 0.39990234375 0.46875 0.0205078125 0.0546875
1 0.38671875 0.470703125 0.025390625 0.056640625
1 0.368408203125 0.47265625 0.02783203125 0.0703125
1 0.3193359375 0.4423828125 0.08203125 0.14453125
1 0.117431640625 0.46728515625 0.09423828125 0.0869140625
1 0.563720703125 0.44873046875 0.03955078125 0.0771484375
1 0.582275390625 0.4609375 0.03662109375 0.078125
0 0.621337890625 0.44482421875 0.00927734375 0.0439453125
1 0.594482421875 0.474609375 0.04443359375 0.064453125
1 0.631103515625 0.4951171875 0.04736328125 0.126953125
1 0.78125 0.46044921875 0.0869140625 0.1123046875
1 0.690185546875 0.50341796875 0.12451171875 0.1728515625
1 0.966064453125 0.41748046875 0.06494140625 0.0498046875
1 0.863525390625 0.5732421875 0.27001953125 0.34765625
1 0.969482421875 0.705078125 0.05810546875 0.369140625
