0 0.718505859375 0.39990234375 0.00341796875 0.0146484375
0 0.716064453125 0.39990234375 0.00341796875 0.0146484375
1 0.755126953125 0.419921875 0.01708984375 0.021484375
1 0.708984375 0.416015625 0.013671875 0.01953125
1 0.722900390625 0.42236328125 0.01708984375 0.0185546875
0 0.35595703125 0.42578125 0.01171875 0.05078125
1 0.2763671875 0.4375 0.087890625 0.05078125
1 0.657958984375 0.42333984375 0.10498046875 0.0830078125
1 0.914794921875 0.41357421875 0.04833984375 0.0595703125
1 0.818359375 0.4140625 0.0810546875 0.078125
1 0.87158203125 0.421875 0.0810546875 0.0703125
