1 0.5048828125 0.43310546875 0.0146484375 0.0107421875
1 0.51025390625 0.453125 0.021484375 0.041015625
1 0.55322265625 0.447265625 0.025390625 0.046875
1 0.55615234375 0.4521484375 0.021484375 0.046875
1 0.57470703125 0.4541015625 0.033203125 0.05078125
1 0.8134765625 0.44775390625 0.017578125 0.0263671875
1 0.78564453125 0.44189453125 0.041015625 0.0595703125
0 0.792724609375 0.439453125 0.00634765625 0.041015625
1 0.64013671875 0.4560546875 0.044921875 0.064453125
1 0.681396484375 0.45458984375 0.03076171875 0.0517578125
1 0.94482421875 0.46484375 0.099609375 0.1015625
1 0.984619140625 0.47705078125 0.02685546875 0.1005859375
1 0.0380859375 0.4287109375 0.0791015625 0.125
1 0.130615234375 0.5185546875 0.26416015625 0.28125
1 0.378173828125 0.58837890625 0.33837890625 0.4775390625
