0 0.494873046875 0.40234375 0.00830078125 0.01953125
0 0.5068359375 0.3974609375 0.0048828125 0.01171875
0 0.627685546875 0.421875 0.00830078125 0.056640625
0 0.718994140625 0.435546875 0.02587890625 0.12890625
1 0.410400390625 0.42041015625 0.03076171875 0.0439453125
1 0.460205078125 0.4208984375 0.02294921875 0.0390625
1 0.451904296875 0.42919921875 0.03076171875 0.0634765625
1 0.433837890625 0.4482421875 0.06103515625 0.0859375
1 0.502197265625 0.427734375 0.03369140625 0.052734375
0 0.212158203125 0.41943359375 0.00830078125 0.0439453125
1 0.29150390625 0.423828125 0.03125 0.060546875
1 0.29541015625 0.43212890625 0.01953125 0.0634765625
1 0.23828125 0.451171875 0.0673828125 0.087890625
1 0.0927734375 0.455078125 0.15625 0.197265625
0 0.128173828125 0.43798828125 0.03076171875 0.2080078125
0 0.09912109375 0.44580078125 0.0263671875 0.2119140625
0 0.07568359375 0.4443359375 0.033203125 0.22265625
1 0.348876953125 0.48291015625 0.13427734375 0.2080078125
