0 0.493896484375 0.4375 0.01416015625 0.05078125
1 0.509765625 0.44140625 0.02734375 0.05859375
0 0.38916015625 0.4111328125 0.005859375 0.01953125
0 0.380126953125 0.41357421875 0.01025390625 0.0146484375
1 0.406005859375 0.4443359375 0.01904296875 0.05078125
1 0.391357421875 0.4453125 0.02880859375 0.0625
1 0.378662109375 0.45361328125 0.02490234375 0.0732421875
1 0.362548828125 0.4580078125 0.04052734375 0.08984375
1 0.3232421875 0.4697265625 0.0400390625 0.109375
1 0.293701171875 0.47314453125 0.06396484375 0.1123046875
1 0.264404296875 0.4951171875 0.10498046875 0.1484375
0 0.16748046875 0.421875 0.0283203125 0.078125
0 0.22216796875 0.4794921875 0.0380859375 0.244140625
1 0.131103515625 0.54833984375 0.19189453125 0.2607421875
1 0.0634765625 0.58154296875 0.1298828125 0.3466796875
1 0.525390625 0.45166015625 0.025390625 0.0869140625
1 0.56298828125 0.45166015625 0.083984375 0.1337890625
