0 0.326904296875 0.38525390625 0.00341796875 0.0244140625
1 0.309814453125 0.39599609375 0.01611328125 0.0556640625
1 0.260498046875 0.376953125 0.04638671875 0.041015625
0 0.611083984375 0.4169921875 0.00732421875 0.01953125
1 0.965087890625 0.44970703125 0.01806640625 0.0185546875
0 0.050048828125 0.37451171875 0.00732421875 0.0244140625
0 0.241455078125 0.423828125 0.00927734375 0.056640625
1 0.52001953125 0.44970703125 0.25 0.2158203125
0 0.02294921875 0.67138671875 0.048828125 0.6005859375
0 0.9296875 0.47509765625 0.046875 0.1962890625
0 0.98193359375 0.47607421875 0.0322265625 0.1962890625
