1 0.46728515625 0.40673828125 0.0068359375 0.0068359375
1 0.470947265625 0.41015625 0.00634765625 0.009765625
1 0.47705078125 0.41015625 0.0068359375 0.009765625
1 0.448974609375 0.4248046875 0.01025390625 0.02734375
1 0.430908203125 0.4189453125 0.01806640625 0.041015625
1 0.43701171875 0.42919921875 0.02734375 0.0439453125
1 0.384521484375 0.43408203125 0.01611328125 0.0400390625
0 0.365478515625 0.4189453125 0.00537109375 0.0234375
1 0.402099609375 0.4365234375 0.03857421875 0.052734375
1 0.28515625 0.44970703125 0.0986328125 0.1298828125
0 0.896484375 0.4716796875 0.072265625 0.353515625
0 0.96923828125 0.4638671875 0.05859375 0.361328125
1 0.52294921875 0.47265625 0.107421875 0.1875
