1 0.54150390625 0.4267578125 0.015625 0.029296875
1 0.562255859375 0.44287109375 0.01416015625 0.0537109375
1 0.57666015625 0.44189453125 0.033203125 0.0634765625
1 0.57568359375 0.4462890625 0.025390625 0.064453125
0 0.613525390625 0.4384765625 0.01416015625 0.0625
1 0.5888671875 0.45068359375 0.0458984375 0.0732421875
1 0.656005859375 0.4912109375 0.06884765625 0.193359375
1 0.7265625 0.52392578125 0.1669921875 0.2724609375
1 0.8740234375 0.587890625 0.248046875 0.541015625
1 0.516357421875 0.419921875 0.00830078125 0.015625
1 0.4521484375 0.43212890625 0.0263671875 0.0400390625
1 0.499267578125 0.4306640625 0.01708984375 0.02734375
1 0.201416015625 0.4892578125 0.04931640625 0.09375
1 0.29541015625 0.48876953125 0.06640625 0.1357421875
1 0.364990234375 0.49267578125 0.12353515625 0.1982421875
1 0.057373046875 0.50927734375 0.09130859375 0.1396484375
