1 0.2822265625 0.42529296875 0.0078125 0.0400390625
1 0.286865234375 0.43603515625 0.01318359375 0.0244140625
1 0.339599609375 0.443359375 0.00830078125 0.009765625
1 0.32958984375 0.44482421875 0.0146484375 0.0126953125
1 0.360107421875 0.44921875 0.00732421875 0.017578125
1 0.376220703125 0.451171875 0.01025390625 0.017578125
1 0.36669921875 0.4501953125 0.013671875 0.021484375
1 0.382568359375 0.45166015625 0.00732421875 0.0205078125
1 0.390869140625 0.45263671875 0.01611328125 0.0244140625
1 0.398681640625 0.45654296875 0.01904296875 0.0244140625
1 0.115966796875 0.625 0.23486328125 0.7421875
0 0.65625 0.47509765625 0.0439453125 0.1728515625
0 0.628173828125 0.47802734375 0.05029296875 0.1650390625
0 0.687744140625 0.48046875 0.02880859375 0.181640625
1 0.4970703125 0.5068359375 0.203125 0.34375
1 0.817626953125 0.51171875 0.24755859375 0.302734375
1 0.345947265625 0.4462890625 0.01025390625 0.015625
