0 0.51904296875 0.33837890625 0.0087890625 0.0302734375
1 0.5048828125 0.35791015625 0.0224609375 0.0302734375
1 0.489990234375 0.3662109375 0.02392578125 0.044921875
1 0.407470703125 0.3681640625 0.02880859375 0.0546875
1 0.391357421875 0.380859375 0.04150390625 0.0546875
1 0.431396484375 0.39208984375 0.04638671875 0.0751953125
1 0.53466796875 0.369140625 0.0263671875 0.044921875
1 0.543701171875 0.37841796875 0.02978515625 0.0498046875
1 0.55615234375 0.388671875 0.0458984375 0.064453125
1 0.588623046875 0.41748046875 0.04638671875 0.0966796875
1 0.6064453125 0.4248046875 0.0634765625 0.099609375
1 0.62451171875 0.44677734375 0.0751953125 0.1279296875
1 0.381103515625 0.39111328125 0.03466796875 0.0595703125
1 0.37548828125 0.3994140625 0.0205078125 0.060546875
1 0.35888671875 0.40478515625 0.0390625 0.0732421875
1 0.345703125 0.41357421875 0.0478515625 0.0751953125
1 0.33447265625 0.42431640625 0.052734375 0.0869140625
1 0.31005859375 0.439453125 0.05078125 0.099609375
1 0.267578125 0.4501953125 0.0859375 0.126953125
1 0.66357421875 0.47216796875 0.1181640625 0.1533203125
1 0.792236328125 0.52880859375 0.20556640625 0.3076171875
1 0.91064453125 0.64306640625 0.173828125 0.6240234375
