0 0.79052734375 0.421875 0.0087890625 0.0703125
1 0.375 0.39794921875 0.013671875 0.0087890625
1 0.362548828125 0.39990234375 0.01220703125 0.0107421875
1 0.299560546875 0.40625 0.02001953125 0.01953125
1 0.240234375 0.4140625 0.021484375 0.015625
1 0.540283203125 0.39208984375 0.01318359375 0.0341796875
1 0.5322265625 0.3916015625 0.013671875 0.03125
1 0.520263671875 0.39111328125 0.02197265625 0.0283203125
1 0.51708984375 0.39990234375 0.021484375 0.0205078125
1 0.58935546875 0.3857421875 0.021484375 0.060546875
1 0.5888671875 0.4150390625 0.01171875 0.033203125
1 0.571533203125 0.42626953125 0.02587890625 0.0517578125
1 0.549072265625 0.4384765625 0.03076171875 0.064453125
1 0.51611328125 0.44873046875 0.060546875 0.1025390625
1 0.600830078125 0.41455078125 0.02001953125 0.0478515625
1 0.60498046875 0.42431640625 0.01171875 0.0419921875
1 0.621826171875 0.419921875 0.03173828125 0.060546875
1 0.655517578125 0.46728515625 0.08740234375 0.1279296875
