1 0.465576171875 0.45458984375 0.03076171875 0.0380859375
1 0.563720703125 0.4560546875 0.01611328125 0.05078125
1 0.576416015625 0.45654296875 0.02587890625 0.0458984375
1 0.58935546875 0.453125 0.0126953125 0.06640625
0 0.652587890625 0.44580078125 0.01513671875 0.0673828125
1 0.493896484375 0.4599609375 0.02587890625 0.044921875
1 0.308837890625 0.47119140625 0.03173828125 0.0595703125
1 0.28662109375 0.4736328125 0.0419921875 0.056640625
1 0.1748046875 0.47216796875 0.04296875 0.0439453125
1 0.19873046875 0.49267578125 0.1083984375 0.0693359375
1 0.5361328125 0.4697265625 0.060546875 0.103515625
0 0.680419921875 0.45263671875 0.02197265625 0.0771484375
1 0.73779296875 0.46240234375 0.1103515625 0.1552734375
1 0.833984375 0.48681640625 0.166015625 0.1923828125
1 0.619140625 0.447265625 0.0615234375 0.095703125
