0 0.48193359375 0.42822265625 0.001953125 0.0166015625
0 0.47900390625 0.4267578125 0.0029296875 0.01953125
0 0.48828125 0.43017578125 0.0068359375 0.0224609375
1 0.46630859375 0.435546875 0.0126953125 0.02734375
1 0.442138671875 0.43798828125 0.04931640625 0.0322265625
1 0.4404296875 0.435546875 0.0263671875 0.044921875
1 0.367431640625 0.41943359375 0.03564453125 0.0283203125
1 0.394287109375 0.4453125 0.03271484375 0.060546875
1 0.38330078125 0.44970703125 0.0283203125 0.0595703125
1 0.36767578125 0.45166015625 0.0263671875 0.0693359375
1 0.363525390625 0.45654296875 0.02197265625 0.0751953125
1 0.159423828125 0.47802734375 0.12158203125 0.2001953125
1 0.064453125 0.5107421875 0.1318359375 0.23828125
1 0.267333984375 0.490234375 0.18798828125 0.271484375
1 0.505615234375 0.431640625 0.01123046875 0.017578125
0 0.507568359375 0.43505859375 0.01220703125 0.0556640625
1 0.574951171875 0.44384765625 0.03564453125 0.0556640625
1 0.611083984375 0.4521484375 0.05810546875 0.09375
1 0.645751953125 0.46875 0.05615234375 0.142578125
1 0.7099609375 0.4853515625 0.134765625 0.19140625
1 0.94970703125 0.58935546875 0.09765625 0.4853515625
