1 0.54296875 0.41064453125 0.060546875 0.1357421875
1 0.6015625 0.45263671875 0.0849609375 0.1142578125
1 0.420166015625 0.42333984375 0.01611328125 0.0283203125
1 0.390380859375 0.42431640625 0.01806640625 0.0283203125
1 0.307373046875 0.43115234375 0.00927734375 0.0322265625
1 0.375732421875 0.42236328125 0.00927734375 0.0263671875
1 0.1689453125 0.40771484375 0.0498046875 0.0595703125
0 0.16552734375 0.41845703125 0.0068359375 0.0419921875
0 0.17626953125 0.4306640625 0.0107421875 0.052734375
0 0.2353515625 0.4267578125 0.009765625 0.05859375
1 0.281982421875 0.427734375 0.02880859375 0.044921875
1 0.478515625 0.50244140625 0.1572265625 0.2333984375
