0 0.76904296875 0.40771484375 0.005859375 0.0146484375
1 0.75341796875 0.41650390625 0.0166015625 0.0244140625
1 0.734375 0.42431640625 0.0107421875 0.0244140625
1 0.744384765625 0.42578125 0.01806640625 0.025390625
1 0.71728515625 0.42578125 0.0263671875 0.033203125
1 0.77197265625 0.423828125 0.01171875 0.021484375
1 0.952880859375 0.4208984375 0.01904296875 0.029296875
1 0.124267578125 0.42626953125 0.05712890625 0.0185546875
1 0.192138671875 0.43017578125 0.10791015625 0.1318359375
1 0.983642578125 0.4169921875 0.02880859375 0.0546875
1 0.80859375 0.421875 0.078125 0.064453125
1 0.859619140625 0.42333984375 0.09228515625 0.0693359375
0 0.491943359375 0.54248046875 0.12353515625 0.4052734375
0 0.08154296875 0.52880859375 0.1103515625 0.5517578125
0 0.265625 0.66357421875 0.060546875 0.1298828125
0 0.262451171875 0.5224609375 0.11767578125 0.490234375
0 0.32080078125 0.71728515625 0.037109375 0.1298828125
0 0.33740234375 0.54150390625 0.1513671875 0.6259765625
0 0.32373046875 0.5625 0.169921875 0.65625
0 0.70361328125 0.5478515625 0.158203125 0.57421875
0 0.594970703125 0.5419921875 0.14013671875 0.67578125
