0 0.266357421875 0.4453125 0.02587890625 0.0859375
1 0.430908203125 0.4287109375 0.02490234375 0.05859375
1 0.404052734375 0.423828125 0.04833984375 0.095703125
1 0.399658203125 0.43212890625 0.04638671875 0.0810546875
1 0.37451171875 0.4482421875 0.0400390625 0.109375
1 0.3359375 0.46435546875 0.0986328125 0.1474609375
1 0.583251953125 0.42138671875 0.04736328125 0.0908203125
1 0.631591796875 0.4482421875 0.07958984375 0.138671875
1 0.515625 0.451171875 0.1181640625 0.146484375
0 0.5966796875 0.43798828125 0.0419921875 0.2041015625
0 0.6298828125 0.44384765625 0.0380859375 0.1923828125
0 0.97509765625 0.4912109375 0.0458984375 0.451171875
