1 0.53271484375 0.4150390625 0.017578125 0.033203125
1 0.52587890625 0.423828125 0.009765625 0.015625
1 0.489013671875 0.4287109375 0.01123046875 0.0234375
1 0.513916015625 0.42431640625 0.01806640625 0.0439453125
0 0.817138671875 0.462890625 0.04052734375 0.21484375
0 0.8857421875 0.44677734375 0.044921875 0.2470703125
1 0.440185546875 0.4228515625 0.00634765625 0.017578125
1 0.44580078125 0.41552734375 0.0078125 0.0146484375
1 0.446044921875 0.4267578125 0.00927734375 0.017578125
1 0.346435546875 0.419921875 0.01220703125 0.017578125
1 0.33447265625 0.421875 0.0126953125 0.017578125
1 0.36669921875 0.423828125 0.0126953125 0.021484375
1 0.314453125 0.4189453125 0.005859375 0.02734375
0 0.169189453125 0.42529296875 0.00732421875 0.0341796875
1 0.004638671875 0.435546875 0.01220703125 0.064453125
1 0.2431640625 0.4228515625 0.0419921875 0.04296875
1 0.416748046875 0.4267578125 0.01904296875 0.033203125
0 0.146484375 0.48681640625 0.0791015625 0.3935546875
0 0.100830078125 0.4921875 0.13330078125 0.44921875
