0 0.47021484375 0.2841796875 0.005859375 0.037109375
0 0.497802734375 0.27783203125 0.00439453125 0.0302734375
0 0.51513671875 0.283203125 0.0078125 0.03125
0 0.53369140625 0.2841796875 0.0048828125 0.029296875
0 0.51953125 0.306640625 0.0078125 0.0390625
0 0.48876953125 0.3203125 0.0078125 0.044921875
0 0.9912109375 0.51220703125 0.013671875 0.2353515625
0 0.32470703125 0.37646484375 0.0205078125 0.1279296875
1 0.390625 0.3662109375 0.1298828125 0.3125
0 0.567626953125 0.4599609375 0.03076171875 0.27734375
0 0.580810546875 0.47314453125 0.04541015625 0.2724609375
