1 0.462646484375 0.42822265625 0.00634765625 0.0283203125
1 0.482666015625 0.40380859375 0.01025390625 0.0107421875
1 0.491943359375 0.4306640625 0.01220703125 0.03125
1 0.4765625 0.43212890625 0.0302734375 0.0537109375
1 0.440185546875 0.42236328125 0.00341796875 0.0146484375
1 0.42236328125 0.4228515625 0.0107421875 0.015625
1 0.43310546875 0.41796875 0.013671875 0.033203125
0 0.421875 0.4287109375 0.0078125 0.03125
1 0.40234375 0.4326171875 0.0205078125 0.037109375
1 0.362060546875 0.4453125 0.03173828125 0.04296875
1 0.333740234375 0.4462890625 0.02880859375 0.037109375
0 0.2861328125 0.439453125 0.0068359375 0.037109375
0 0.267578125 0.4384765625 0.0087890625 0.04296875
0 0.22802734375 0.443359375 0.0068359375 0.05078125
0 0.21875 0.44140625 0.0087890625 0.06640625
0 0.2041015625 0.42626953125 0.005859375 0.0263671875
0 0.044189453125 0.41796875 0.01123046875 0.03515625
0 0.001220703125 0.423828125 0.00537109375 0.03125
0 0.019775390625 0.4609375 0.01708984375 0.123046875
0 0.638916015625 0.412109375 0.01220703125 0.037109375
0 0.66259765625 0.3994140625 0.009765625 0.025390625
0 0.75341796875 0.40185546875 0.01171875 0.0732421875
0 0.68798828125 0.41650390625 0.0146484375 0.0771484375
0 0.86865234375 0.35205078125 0.01171875 0.0244140625
1 0.6220703125 0.4326171875 0.0283203125 0.05859375
1 0.68017578125 0.484375 0.1533203125 0.142578125
1 0.97021484375 0.48193359375 0.0556640625 0.2197265625
1 0.860595703125 0.54248046875 0.27587890625 0.4052734375
