1 0.029541015625 0.46337890625 0.04736328125 0.0537109375
1 0.009033203125 0.47802734375 0.01904296875 0.1181640625
1 0.00439453125 0.50341796875 0.009765625 0.1123046875
1 0.052490234375 0.4619140625 0.02392578125 0.05859375
1 0.144775390625 0.4658203125 0.06787109375 0.060546875
1 0.092041015625 0.4736328125 0.08154296875 0.095703125
1 0.19482421875 0.46728515625 0.064453125 0.0615234375
1 0.2578125 0.4638671875 0.0693359375 0.072265625
1 0.312255859375 0.46875 0.07763671875 0.07421875
1 0.744140625 0.5263671875 0.1943359375 0.263671875
1 0.881591796875 0.57958984375 0.23291015625 0.4111328125
1 0.400634765625 0.466796875 0.08447265625 0.095703125
1 0.462646484375 0.4736328125 0.08935546875 0.107421875
1 0.53857421875 0.484375 0.103515625 0.123046875
