1 0.51904296875 0.39990234375 0.0048828125 0.0107421875
1 0.528564453125 0.39892578125 0.00439453125 0.0107421875
1 0.53515625 0.39404296875 0.0107421875 0.0185546875
1 0.53369140625 0.3994140625 0.01171875 0.017578125
1 0.50537109375 0.4013671875 0.0078125 0.01171875
1 0.496826171875 0.39697265625 0.01123046875 0.0126953125
1 0.5 0.39990234375 0.0087890625 0.0126953125
1 0.48486328125 0.39990234375 0.0205078125 0.0126953125
1 0.49658203125 0.4052734375 0.0146484375 0.0078125
1 0.492431640625 0.41064453125 0.02783203125 0.0185546875
1 0.48388671875 0.4150390625 0.0380859375 0.033203125
1 0.478759765625 0.4189453125 0.04150390625 0.0390625
1 0.465576171875 0.421875 0.02099609375 0.04296875
1 0.555908203125 0.4169921875 0.01611328125 0.03515625
1 0.55615234375 0.421875 0.0107421875 0.03515625
1 0.559814453125 0.42236328125 0.01220703125 0.0361328125
1 0.564453125 0.423828125 0.015625 0.046875
1 0.578369140625 0.4267578125 0.02978515625 0.05078125
1 0.59130859375 0.4248046875 0.0361328125 0.041015625
1 0.260498046875 0.474609375 0.13818359375 0.216796875
1 0.734619140625 0.49560546875 0.17822265625 0.2333984375
