1 0.603515625 0.453125 0.0087890625 0.009765625
1 0.677978515625 0.44091796875 0.01416015625 0.0185546875
1 0.6630859375 0.4384765625 0.009765625 0.01171875
1 0.668212890625 0.4443359375 0.01220703125 0.017578125
1 0.658447265625 0.4462890625 0.01025390625 0.021484375
1 0.617431640625 0.455078125 0.02001953125 0.0234375
0 0.6875 0.4453125 0.0048828125 0.025390625
0 0.697998046875 0.44677734375 0.00439453125 0.0244140625
1 0.71484375 0.453125 0.021484375 0.03515625
1 0.765869140625 0.4462890625 0.02197265625 0.0703125
1 0.823486328125 0.453125 0.04052734375 0.083984375
1 0.8505859375 0.45166015625 0.0869140625 0.1103515625
1 0.96484375 0.46728515625 0.06640625 0.1396484375
0 0.537841796875 0.44140625 0.00634765625 0.046875
0 0.046142578125 0.443359375 0.00732421875 0.013671875
0 0.7919921875 0.52490234375 0.12109375 0.4501953125
