1 0.741943359375 0.4658203125 0.03564453125 0.0546875
1 0.587890625 0.44921875 0.115234375 0.103515625
1 0.60302734375 0.48583984375 0.0751953125 0.1005859375
1 0.301513671875 0.47509765625 0.03955078125 0.0732421875
1 0.253662109375 0.474609375 0.07666015625 0.08984375
1 0.142333984375 0.48388671875 0.08251953125 0.0732421875
0 0.1826171875 0.47216796875 0.0146484375 0.0986328125
0 0.18994140625 0.47412109375 0.0185546875 0.1103515625
0 0.213134765625 0.474609375 0.02783203125 0.109375
0 0.2197265625 0.4794921875 0.0244140625 0.099609375
0 0.24560546875 0.4794921875 0.0234375 0.111328125
0 0.2841796875 0.4814453125 0.03125 0.107421875
1 0.353515625 0.45751953125 0.099609375 0.1552734375
0 0.392333984375 0.4287109375 0.02392578125 0.111328125
0 0.654541015625 0.47216796875 0.02294921875 0.1396484375
1 0.811279296875 0.4990234375 0.12353515625 0.099609375
