1 0.455078125 0.4326171875 0.01953125 0.033203125
0 0.344482421875 0.43505859375 0.01123046875 0.0693359375
1 0.01123046875 0.47802734375 0.025390625 0.1552734375
1 0.60205078125 0.4482421875 0.0517578125 0.09375
1 0.615478515625 0.46484375 0.05126953125 0.080078125
1 0.655517578125 0.4716796875 0.05224609375 0.111328125
1 0.680908203125 0.4833984375 0.06982421875 0.130859375
1 0.720703125 0.49951171875 0.099609375 0.1611328125
1 0.840087890625 0.5185546875 0.21630859375 0.26171875
1 0.938720703125 0.6015625 0.11962890625 0.330078125
1 0.41064453125 0.44482421875 0.04296875 0.0888671875
1 0.377197265625 0.46923828125 0.06591796875 0.0966796875
