1 0.4716796875 0.53759765625 0.0185546875 0.0419921875
1 0.4892578125 0.546875 0.0146484375 0.017578125
1 0.499755859375 0.53857421875 0.02197265625 0.0244140625
0 0.361328125 0.55712890625 0.0126953125 0.0654296875
1 0.379150390625 0.56640625 0.03173828125 0.056640625
1 0.41748046875 0.5556640625 0.05859375 0.0859375
1 0.328857421875 0.5595703125 0.04736328125 0.095703125
1 0.292724609375 0.56494140625 0.07958984375 0.0986328125
1 0.04541015625 0.60205078125 0.091796875 0.2373046875
0 0.23876953125 0.55322265625 0.0322265625 0.1396484375
1 0.542236328125 0.54248046875 0.02685546875 0.0791015625
1 0.552978515625 0.54052734375 0.02978515625 0.0927734375
1 0.572998046875 0.53271484375 0.04736328125 0.1220703125
1 0.594482421875 0.53271484375 0.05126953125 0.1337890625
1 0.6669921875 0.513671875 0.1318359375 0.2109375
0 0.796875 0.4873046875 0.0576171875 0.26953125
0 0.912353515625 0.4755859375 0.06787109375 0.279296875
0 0.8623046875 0.47900390625 0.0498046875 0.2763671875
