1 0.5126953125 0.44873046875 0.0087890625 0.0361328125
1 0.57666015625 0.4609375 0.015625 0.044921875
1 0.60595703125 0.46435546875 0.0185546875 0.0419921875
1 0.5576171875 0.4580078125 0.041015625 0.078125
0 0.606201171875 0.4736328125 0.01318359375 0.08203125
0 0.614990234375 0.47998046875 0.00927734375 0.0927734375
0 0.62744140625 0.4853515625 0.021484375 0.09765625
0 0.66357421875 0.4814453125 0.021484375 0.1171875
0 0.652587890625 0.48779296875 0.02392578125 0.1181640625
0 0.797607421875 0.44970703125 0.03955078125 0.1123046875
1 0.318359375 0.466796875 0.056640625 0.07421875
0 0.410888671875 0.42822265625 0.00927734375 0.0439453125
1 0.374755859375 0.4677734375 0.07275390625 0.125
1 0.28125 0.46337890625 0.0341796875 0.0927734375
1 0.260498046875 0.47412109375 0.04736328125 0.1201171875
1 0.1865234375 0.48095703125 0.1220703125 0.1650390625
1 0.4638671875 0.5234375 0.1220703125 0.193359375
