1 0.552978515625 0.43017578125 0.00927734375 0.0185546875
0 0.953125 0.4462890625 0.009765625 0.060546875
0 0.993896484375 0.4345703125 0.00830078125 0.046875
1 0.99267578125 0.4736328125 0.0107421875 0.056640625
0 0.924560546875 0.46142578125 0.01708984375 0.0791015625
1 0.030029296875 0.423828125 0.06103515625 0.060546875
1 0.096923828125 0.4375 0.05126953125 0.046875
1 0.503173828125 0.44384765625 0.03173828125 0.0498046875
1 0.461669921875 0.4345703125 0.02001953125 0.029296875
1 0.44091796875 0.431640625 0.0224609375 0.044921875
1 0.428466796875 0.43603515625 0.02099609375 0.0458984375
1 0.410400390625 0.43994140625 0.03076171875 0.0517578125
1 0.394775390625 0.44677734375 0.01806640625 0.0595703125
1 0.36962890625 0.45361328125 0.05859375 0.0849609375
