1 0.875244140625 0.33837890625 0.07666015625 0.0517578125
1 0.0126953125 0.359375 0.0263671875 0.1015625
1 0.03515625 0.38232421875 0.0732421875 0.0673828125
1 0.14453125 0.3701171875 0.107421875 0.11328125
1 0.254638671875 0.376953125 0.05517578125 0.107421875
0 0.193359375 0.392578125 0.017578125 0.07421875
1 0.323486328125 0.408203125 0.09033203125 0.0703125
1 0.990478515625 0.3681640625 0.01416015625 0.0546875
1 0.9326171875 0.45263671875 0.1064453125 0.1552734375
1 0.75244140625 0.3359375 0.0498046875 0.03125
1 0.526611328125 0.5107421875 0.12939453125 0.279296875
1 0.72509765625 0.5888671875 0.443359375 0.5390625
