1 0.8447265625 0.35791015625 0.0390625 0.0498046875
1 0.77783203125 0.35205078125 0.03515625 0.0439453125
1 0.783203125 0.3642578125 0.0244140625 0.03125
1 0.75634765625 0.35693359375 0.046875 0.0380859375
1 0.81103515625 0.3876953125 0.0419921875 0.037109375
1 0.686279296875 0.3671875 0.04345703125 0.05078125
1 0.745361328125 0.4072265625 0.03857421875 0.0546875
0 0.66015625 0.4208984375 0.015625 0.0625
1 0.56640625 0.36669921875 0.083984375 0.0517578125
1 0.52001953125 0.3720703125 0.0537109375 0.052734375
1 0.5390625 0.38818359375 0.0546875 0.0498046875
1 0.515380859375 0.40966796875 0.03955078125 0.0537109375
1 0.476806640625 0.40234375 0.05322265625 0.09375
1 0.458251953125 0.4228515625 0.02783203125 0.072265625
1 0.369384765625 0.39794921875 0.04638671875 0.0595703125
1 0.419921875 0.404296875 0.0712890625 0.123046875
1 0.373046875 0.43896484375 0.0693359375 0.0849609375
1 0.312255859375 0.4462890625 0.06689453125 0.111328125
1 0.241455078125 0.44189453125 0.10302734375 0.1396484375
1 0.133056640625 0.47412109375 0.14501953125 0.1474609375
1 0.03173828125 0.43017578125 0.064453125 0.2001953125
1 0.0224609375 0.48291015625 0.0458984375 0.1826171875
0 0.822998046875 0.44189453125 0.01513671875 0.1044921875
1 0.59033203125 0.4990234375 0.1533203125 0.248046875
