1 0.00830078125 0.458984375 0.017578125 0.076171875
1 0.4951171875 0.4287109375 0.0205078125 0.029296875
0 0.8603515625 0.408203125 0.015625 0.095703125
0 0.975830078125 0.408203125 0.02294921875 0.130859375
0 0.216064453125 0.47412109375 0.08447265625 0.3994140625
0 0.18017578125 0.54443359375 0.08203125 0.3212890625
0 0.229248046875 0.52197265625 0.06689453125 0.3994140625
0 0.403564453125 0.4697265625 0.07470703125 0.4375
0 0.35302734375 0.53271484375 0.08203125 0.6064453125
0 0.295654296875 0.53125 0.09716796875 0.7265625
