1 0.744873046875 0.42333984375 0.01513671875 0.0322265625
1 0.73193359375 0.41796875 0.021484375 0.0390625
1 0.930908203125 0.421875 0.01123046875 0.029296875
1 0.90283203125 0.42041015625 0.01171875 0.0263671875
1 0.917236328125 0.421875 0.02490234375 0.03515625
1 0.775390625 0.4189453125 0.025390625 0.0390625
1 0.8251953125 0.423828125 0.0859375 0.068359375
1 0.61572265625 0.4208984375 0.0322265625 0.041015625
1 0.658447265625 0.421875 0.01416015625 0.029296875
1 0.63330078125 0.42138671875 0.0283203125 0.0380859375
1 0.673095703125 0.419921875 0.01416015625 0.029296875
1 0.707275390625 0.421875 0.06591796875 0.0546875
1 0.080810546875 0.45166015625 0.16455078125 0.1103515625
1 0.259765625 0.42333984375 0.1640625 0.1708984375
1 0.429931640625 0.40771484375 0.16650390625 0.1591796875
0 0.552978515625 0.53173828125 0.11181640625 0.5576171875
