1 0.397216796875 0.43310546875 0.02197265625 0.0302734375
1 0.4794921875 0.45166015625 0.0283203125 0.0283203125
1 0.37939453125 0.435546875 0.0322265625 0.033203125
1 0.36669921875 0.47607421875 0.0400390625 0.0673828125
1 0.39892578125 0.48291015625 0.0615234375 0.0927734375
1 0.511962890625 0.4677734375 0.02001953125 0.0546875
1 0.51611328125 0.4697265625 0.015625 0.056640625
1 0.525146484375 0.47119140625 0.02587890625 0.0693359375
1 0.536865234375 0.47216796875 0.03564453125 0.0810546875
1 0.5478515625 0.4775390625 0.0302734375 0.095703125
1 0.562255859375 0.4814453125 0.04248046875 0.111328125
1 0.587646484375 0.4853515625 0.06005859375 0.142578125
1 0.318603515625 0.49267578125 0.06005859375 0.0927734375
1 0.2734375 0.509765625 0.087890625 0.126953125
1 0.637939453125 0.49462890625 0.11376953125 0.1943359375
1 0.694091796875 0.53173828125 0.13134765625 0.2333984375
1 0.828857421875 0.5625 0.25537109375 0.40234375
1 0.10546875 0.56005859375 0.2041015625 0.2509765625
1 0.9130859375 0.60400390625 0.16796875 0.6240234375
