1 0.38671875 0.412109375 0.0068359375 0.0234375
1 0.3916015625 0.4111328125 0.0126953125 0.025390625
1 0.3974609375 0.41357421875 0.0146484375 0.0263671875
1 0.40966796875 0.4150390625 0.017578125 0.02734375
1 0.431884765625 0.4189453125 0.02392578125 0.03125
1 0.4580078125 0.4228515625 0.015625 0.03515625
1 0.469482421875 0.42333984375 0.02685546875 0.0380859375
1 0.486572265625 0.42529296875 0.03173828125 0.0419921875
1 0.5068359375 0.431640625 0.0244140625 0.048828125
1 0.5224609375 0.43359375 0.0263671875 0.05859375
1 0.534912109375 0.43408203125 0.03076171875 0.0595703125
1 0.55029296875 0.4453125 0.02734375 0.06640625
1 0.57177734375 0.4462890625 0.046875 0.08203125
1 0.585205078125 0.455078125 0.04345703125 0.08984375
1 0.62060546875 0.46484375 0.0673828125 0.1171875
1 0.65625 0.47705078125 0.0810546875 0.1494140625
1 0.73193359375 0.49951171875 0.1474609375 0.1923828125
1 0.888427734375 0.56591796875 0.22021484375 0.3603515625
1 0.955078125 0.654296875 0.0849609375 0.369140625
