1 0.4267578125 0.4462890625 0.0419921875 0.08203125
0 0.375732421875 0.552734375 0.02783203125 0.041015625
1 0.3154296875 0.5 0.1943359375 0.216796875
1 0.519775390625 0.427734375 0.03271484375 0.0703125
1 0.588623046875 0.4384765625 0.03857421875 0.083984375
1 0.594482421875 0.4501953125 0.02880859375 0.078125
1 0.608642578125 0.4482421875 0.03955078125 0.107421875
1 0.614013671875 0.46142578125 0.02392578125 0.1162109375
1 0.669189453125 0.4453125 0.10595703125 0.1953125
1 0.690185546875 0.48974609375 0.09521484375 0.1826171875
1 0.7978515625 0.5224609375 0.228515625 0.291015625
1 0.948974609375 0.54931640625 0.10009765625 0.7763671875
