1 0.468505859375 0.419921875 0.01806640625 0.03125
1 0.5205078125 0.4345703125 0.044921875 0.080078125
1 0.462158203125 0.42578125 0.01513671875 0.02734375
1 0.458740234375 0.42626953125 0.01025390625 0.0302734375
1 0.449951171875 0.42529296875 0.01611328125 0.0341796875
1 0.382568359375 0.4365234375 0.03076171875 0.0703125
1 0.41650390625 0.43994140625 0.068359375 0.1142578125
1 0.354248046875 0.44775390625 0.04931640625 0.0888671875
1 0.318115234375 0.4521484375 0.06005859375 0.111328125
1 0.25634765625 0.46728515625 0.1103515625 0.1376953125
0 0.71728515625 0.4501953125 0.048828125 0.265625
0 0.69921875 0.46826171875 0.0546875 0.2822265625
0 0.776611328125 0.45654296875 0.05322265625 0.2705078125
0 0.830810546875 0.46337890625 0.05126953125 0.2841796875
