1 0.498046875 0.38818359375 0.0048828125 0.0087890625
1 0.496826171875 0.396484375 0.00537109375 0.009765625
1 0.497314453125 0.40478515625 0.00634765625 0.0107421875
1 0.50341796875 0.43359375 0.013671875 0.025390625
0 0.56787109375 0.41650390625 0.0087890625 0.0146484375
1 0.517333984375 0.447265625 0.03369140625 0.05859375
1 0.554443359375 0.44970703125 0.01708984375 0.0556640625
1 0.56201171875 0.4521484375 0.0224609375 0.064453125
1 0.567138671875 0.45458984375 0.01708984375 0.0712890625
1 0.591552734375 0.44970703125 0.05419921875 0.1005859375
1 0.609619140625 0.462890625 0.06396484375 0.099609375
1 0.65673828125 0.486328125 0.0869140625 0.169921875
1 0.717041015625 0.5068359375 0.11572265625 0.22265625
1 0.8583984375 0.548828125 0.2802734375 0.400390625
1 0.455078125 0.4404296875 0.02734375 0.05078125
0 0.465576171875 0.4375 0.00537109375 0.056640625
0 0.482666015625 0.44189453125 0.01513671875 0.0654296875
1 0.430908203125 0.44775390625 0.03076171875 0.0693359375
1 0.42041015625 0.453125 0.0283203125 0.080078125
1 0.4130859375 0.4580078125 0.0283203125 0.08984375
1 0.3876953125 0.46142578125 0.060546875 0.1064453125
1 0.34228515625 0.4755859375 0.0595703125 0.162109375
1 0.279541015625 0.4970703125 0.14599609375 0.203125
0 0.17431640625 0.43115234375 0.03515625 0.1376953125
1 0.097900390625 0.607421875 0.19873046875 0.45703125
