0 0.721435546875 0.42822265625 0.04736328125 0.1943359375
1 0.46142578125 0.3486328125 0.05859375 0.044921875
0 0.21630859375 0.42236328125 0.025390625 0.1591796875
1 0.085693359375 0.4765625 0.17236328125 0.2421875
1 0.541015625 0.50390625 0.1953125 0.30859375
1 0.848876953125 0.478515625 0.21435546875 0.31640625
1 0.92236328125 0.59033203125 0.1513671875 0.5048828125
0 0.275390625 0.423828125 0.0302734375 0.169921875
0 0.260986328125 0.43798828125 0.05615234375 0.1650390625
0 0.30517578125 0.42333984375 0.0322265625 0.1826171875
