1 0.570068359375 0.37744140625 0.01806640625 0.0478515625
1 0.53369140625 0.37646484375 0.01171875 0.0126953125
1 0.527587890625 0.38330078125 0.01611328125 0.0224609375
0 0.51416015625 0.3818359375 0.0048828125 0.01953125
0 0.507568359375 0.380859375 0.00634765625 0.025390625
0 0.488525390625 0.38134765625 0.00634765625 0.0205078125
0 0.494873046875 0.388671875 0.00537109375 0.033203125
0 0.419189453125 0.38623046875 0.00634765625 0.0400390625
0 0.40185546875 0.38232421875 0.0078125 0.0322265625
0 0.40771484375 0.38671875 0.009765625 0.04296875
0 0.311279296875 0.3759765625 0.00732421875 0.037109375
0 0.335205078125 0.39794921875 0.00537109375 0.0595703125
0 0.337158203125 0.39990234375 0.01318359375 0.0712890625
0 0.31640625 0.4013671875 0.0126953125 0.0703125
0 0.305419921875 0.39697265625 0.01220703125 0.0771484375
0 0.2353515625 0.3427734375 0.015625 0.037109375
0 0.27490234375 0.3935546875 0.0185546875 0.091796875
0 0.236328125 0.3759765625 0.013671875 0.072265625
0 0.25341796875 0.44580078125 0.029296875 0.1826171875
0 0.183349609375 0.36328125 0.01513671875 0.0390625
0 0.212890625 0.4423828125 0.0341796875 0.177734375
0 0.22509765625 0.4384765625 0.03515625 0.19140625
0 0.19140625 0.44189453125 0.029296875 0.1845703125
0 0.0625 0.4404296875 0.0712890625 0.2890625
0 0.10498046875 0.44921875 0.0302734375 0.2265625
0 0.15625 0.37841796875 0.0126953125 0.0419921875
0 0.17578125 0.50048828125 0.0791015625 0.4013671875
0 0.1337890625 0.52734375 0.080078125 0.384765625
0 0.01123046875 0.34326171875 0.0234375 0.0869140625
0 0.00927734375 0.4306640625 0.01953125 0.107421875
0 0.56201171875 0.392578125 0.0078125 0.04296875
0 0.5576171875 0.39111328125 0.0078125 0.0439453125
1 0.590576171875 0.396484375 0.03076171875 0.060546875
1 0.604736328125 0.40185546875 0.02685546875 0.0712890625
1 0.606689453125 0.41357421875 0.02294921875 0.0693359375
0 0.67236328125 0.375 0.0087890625 0.03515625
0 0.7861328125 0.38671875 0.01953125 0.07421875
0 0.951904296875 0.3837890625 0.02001953125 0.0859375
0 0.97314453125 0.37939453125 0.0302734375 0.1123046875
0 0.82568359375 0.4990234375 0.107421875 0.380859375
0 0.742919921875 0.51513671875 0.11279296875 0.5654296875
1 0.607666015625 0.4453125 0.00537109375 0.02734375
0 0.637939453125 0.52197265625 0.09423828125 0.5009765625
0 0.537841796875 0.4462890625 0.02978515625 0.19140625
0 0.394287109375 0.5234375 0.10400390625 0.38671875
0 0.448974609375 0.50537109375 0.09423828125 0.4443359375
0 0.380126953125 0.5341796875 0.09716796875 0.52734375
0 0.465576171875 0.541015625 0.09033203125 0.470703125
