1 0.51171875 0.43359375 0.0205078125 0.046875
1 0.43896484375 0.4541015625 0.0146484375 0.060546875
1 0.4296875 0.45654296875 0.0234375 0.0634765625
1 0.414794921875 0.4609375 0.04345703125 0.072265625
1 0.375244140625 0.4716796875 0.06787109375 0.10546875
1 0.315185546875 0.49169921875 0.09912109375 0.1572265625
1 0.230712890625 0.521484375 0.10693359375 0.265625
1 0.111572265625 0.56640625 0.22607421875 0.380859375
1 0.62109375 0.416015625 0.23046875 0.181640625
1 0.629638671875 0.4794921875 0.09521484375 0.162109375
1 0.7216796875 0.505859375 0.173828125 0.23046875
1 0.965087890625 0.7685546875 0.06591796875 0.45703125
0 0.467041015625 0.45166015625 0.02294921875 0.0947265625
0 0.451171875 0.44873046875 0.02734375 0.1044921875
