1 0.37890625 0.40966796875 0.009765625 0.0244140625
1 0.390625 0.4091796875 0.0244140625 0.029296875
1 0.42138671875 0.40625 0.0322265625 0.029296875
1 0.55078125 0.392578125 0.0263671875 0.05078125
1 0.518798828125 0.42236328125 0.02880859375 0.0478515625
1 0.5283203125 0.4267578125 0.03515625 0.05078125
1 0.57666015625 0.43408203125 0.0400390625 0.0615234375
1 0.5966796875 0.443359375 0.025390625 0.072265625
1 0.433837890625 0.4462890625 0.03662109375 0.076171875
1 0.408447265625 0.45654296875 0.05224609375 0.1025390625
1 0.60595703125 0.4462890625 0.02734375 0.087890625
1 0.64453125 0.43896484375 0.0791015625 0.1279296875
1 0.725830078125 0.45751953125 0.11181640625 0.2021484375
1 0.7841796875 0.4931640625 0.13671875 0.22265625
1 0.88916015625 0.53173828125 0.2177734375 0.3447265625
1 0.97119140625 0.68701171875 0.052734375 0.3115234375
0 0.64599609375 0.46484375 0.0458984375 0.2265625
1 0.39404296875 0.4677734375 0.060546875 0.10546875
1 0.341552734375 0.490234375 0.09130859375 0.158203125
1 0.284912109375 0.52294921875 0.11962890625 0.2001953125
1 0.14111328125 0.56787109375 0.236328125 0.3212890625
1 0.028076171875 0.66357421875 0.05908203125 0.3994140625
