1 0.392578125 0.42333984375 0.1142578125 0.0478515625
1 0.314697265625 0.42236328125 0.12548828125 0.0634765625
1 0.9296875 0.40576171875 0.1337890625 0.0615234375
1 0.831787109375 0.41455078125 0.05615234375 0.0537109375
1 0.80078125 0.412109375 0.0693359375 0.044921875
1 0.742919921875 0.4208984375 0.11083984375 0.0625
0 0.052490234375 0.4677734375 0.01318359375 0.05078125
0 0.10009765625 0.4599609375 0.021484375 0.111328125
0 0.47119140625 0.50341796875 0.0966796875 0.5576171875
0 0.653076171875 0.49365234375 0.09619140625 0.4853515625
0 0.5830078125 0.5263671875 0.0947265625 0.4765625
