1 0.7568359375 0.419921875 0.015625 0.021484375
1 0.774169921875 0.4208984375 0.01416015625 0.02734375
1 0.764892578125 0.42431640625 0.01806640625 0.0244140625
1 0.89892578125 0.42236328125 0.076171875 0.0576171875
1 0.970703125 0.4248046875 0.0546875 0.0625
1 0.622314453125 0.4267578125 0.01806640625 0.03515625
1 0.63330078125 0.4208984375 0.0283203125 0.041015625
1 0.666259765625 0.416015625 0.06787109375 0.072265625
1 0.313720703125 0.451171875 0.05126953125 0.07421875
1 0.08203125 0.419921875 0.0947265625 0.033203125
0 0.02880859375 0.62109375 0.060546875 0.2734375
0 0.283447265625 0.548828125 0.08251953125 0.58984375
0 0.259033203125 0.53857421875 0.19384765625 0.7333984375
0 0.498291015625 0.58984375 0.15087890625 0.81640625
0 0.43115234375 0.55078125 0.2177734375 0.892578125
0 0.97314453125 0.72314453125 0.0498046875 0.1806640625
0 0.716552734375 0.51806640625 0.09814453125 0.5537109375
