0 0.57666015625 0.4189453125 0.005859375 0.01953125
1 0.496826171875 0.44091796875 0.01904296875 0.0263671875
1 0.537841796875 0.43798828125 0.02001953125 0.0341796875
1 0.517578125 0.443359375 0.0341796875 0.05859375
1 0.647216796875 0.46875 0.12841796875 0.125
1 0.73046875 0.51513671875 0.1083984375 0.2080078125
1 0.866943359375 0.54150390625 0.26416015625 0.3349609375
1 0.475341796875 0.44775390625 0.02001953125 0.0419921875
1 0.408935546875 0.46533203125 0.02099609375 0.0537109375
1 0.396728515625 0.4658203125 0.02294921875 0.06640625
0 0.35107421875 0.43505859375 0.0107421875 0.0283203125
1 0.373291015625 0.462890625 0.04638671875 0.08984375
1 0.362060546875 0.48095703125 0.03662109375 0.0791015625
1 0.46142578125 0.45849609375 0.0390625 0.0576171875
1 0.33544921875 0.48583984375 0.0615234375 0.0888671875
0 0.177978515625 0.43505859375 0.02099609375 0.0361328125
1 0.281982421875 0.49755859375 0.06396484375 0.1201171875
1 0.232177734375 0.505859375 0.09619140625 0.158203125
1 0.134033203125 0.5380859375 0.16357421875 0.197265625
