1 0.497314453125 0.43701171875 0.02490234375 0.0341796875
0 0.41064453125 0.43505859375 0.0087890625 0.0576171875
0 0.4208984375 0.4345703125 0.013671875 0.05859375
0 0.427978515625 0.4365234375 0.01123046875 0.05859375
0 0.40234375 0.43359375 0.0087890625 0.056640625
1 0.4716796875 0.4423828125 0.037109375 0.056640625
0 0.707763671875 0.43017578125 0.02685546875 0.1474609375
0 0.2685546875 0.44921875 0.021484375 0.10546875
0 0.244384765625 0.4443359375 0.02001953125 0.115234375
0 0.184326171875 0.462890625 0.03173828125 0.16796875
