1 0.45458984375 0.39892578125 0.0234375 0.0419921875
1 0.452880859375 0.41455078125 0.02392578125 0.0361328125
1 0.4775390625 0.419921875 0.02734375 0.041015625
1 0.427734375 0.42333984375 0.03515625 0.0517578125
0 0.393798828125 0.39599609375 0.00927734375 0.0244140625
1 0.39404296875 0.43310546875 0.0478515625 0.0634765625
0 0.158447265625 0.41943359375 0.01904296875 0.1240234375
0 0.184814453125 0.4169921875 0.01611328125 0.126953125
0 0.173095703125 0.42138671875 0.02490234375 0.1494140625
0 0.19775390625 0.42626953125 0.025390625 0.1474609375
0 0.219482421875 0.427734375 0.02978515625 0.142578125
