1 0.306884765625 0.38818359375 0.01025390625 0.0126953125
1 0.37548828125 0.3837890625 0.0087890625 0.009765625
1 0.290771484375 0.470703125 0.02587890625 0.037109375
1 0.325927734375 0.4541015625 0.01708984375 0.02734375
1 0.32177734375 0.47216796875 0.0205078125 0.0361328125
1 0.240966796875 0.4853515625 0.04638671875 0.052734375
1 0.1787109375 0.49267578125 0.06640625 0.0732421875
1 0.04052734375 0.4423828125 0.083984375 0.234375
1 0.429931640625 0.46435546875 0.01318359375 0.0361328125
1 0.4140625 0.46533203125 0.03515625 0.0654296875
1 0.450439453125 0.4736328125 0.02197265625 0.033203125
1 0.47216796875 0.4697265625 0.03125 0.044921875
