1 0.4873046875 0.33349609375 0.017578125 0.0205078125
1 0.481689453125 0.42578125 0.03173828125 0.044921875
1 0.5576171875 0.423828125 0.0517578125 0.08984375
1 0.574462890625 0.44140625 0.04150390625 0.095703125
1 0.396484375 0.43505859375 0.0380859375 0.0732421875
1 0.5966796875 0.4482421875 0.0537109375 0.115234375
1 0.6181640625 0.45947265625 0.0576171875 0.1357421875
1 0.65478515625 0.46875 0.0849609375 0.1875
1 0.7373046875 0.48876953125 0.1630859375 0.2509765625
1 0.880859375 0.58740234375 0.236328125 0.4287109375
1 0.021240234375 0.72412109375 0.04345703125 0.3212890625
1 0.38623046875 0.443359375 0.0224609375 0.095703125
1 0.362060546875 0.4375 0.05615234375 0.140625
1 0.306884765625 0.455078125 0.11376953125 0.1875
