0 0.476318359375 0.4072265625 0.00341796875 0.01171875
1 0.44873046875 0.423828125 0.0576171875 0.130859375
1 0.43994140625 0.45458984375 0.044921875 0.0908203125
1 0.4296875 0.4697265625 0.0263671875 0.09765625
1 0.57421875 0.4267578125 0.0068359375 0.013671875
1 0.62158203125 0.4462890625 0.033203125 0.111328125
1 0.6630859375 0.44287109375 0.091796875 0.1650390625
1 0.710205078125 0.47900390625 0.12841796875 0.1826171875
1 0.563232421875 0.4169921875 0.01904296875 0.037109375
1 0.31787109375 0.4951171875 0.134765625 0.1875
0 0.16552734375 0.55224609375 0.0517578125 0.2431640625
0 0.40625 0.51416015625 0.080078125 0.4287109375
0 0.35107421875 0.49951171875 0.1201171875 0.5146484375
