1 0.510498046875 0.3955078125 0.00537109375 0.0078125
1 0.51318359375 0.3984375 0.0048828125 0.0078125
1 0.50439453125 0.4052734375 0.0087890625 0.013671875
1 0.502685546875 0.4111328125 0.00732421875 0.013671875
1 0.509765625 0.4150390625 0.0087890625 0.013671875
1 0.51708984375 0.4169921875 0.01171875 0.01171875
1 0.5 0.41845703125 0.01171875 0.0126953125
1 0.494873046875 0.4287109375 0.01025390625 0.015625
1 0.5302734375 0.43017578125 0.017578125 0.0361328125
1 0.5615234375 0.43115234375 0.01953125 0.0419921875
1 0.56787109375 0.43505859375 0.01171875 0.0439453125
1 0.580322265625 0.43359375 0.03076171875 0.072265625
1 0.600830078125 0.42822265625 0.03662109375 0.1083984375
1 0.618408203125 0.43408203125 0.06396484375 0.1162109375
1 0.629150390625 0.4423828125 0.05322265625 0.125
1 0.63525390625 0.46484375 0.03515625 0.125
1 0.7255859375 0.39013671875 0.1806640625 0.3662109375
0 0.763427734375 0.482421875 0.04833984375 0.23828125
1 0.444091796875 0.4404296875 0.01611328125 0.02734375
1 0.36865234375 0.45751953125 0.044921875 0.0849609375
1 0.329833984375 0.470703125 0.06298828125 0.103515625
0 0.209228515625 0.478515625 0.02490234375 0.076171875
