1 0.489501953125 0.435546875 0.01025390625 0.017578125
0 0.477294921875 0.43359375 0.00341796875 0.01953125
0 0.47265625 0.435546875 0.0029296875 0.01953125
0 0.346923828125 0.44091796875 0.01904296875 0.1103515625
0 0.323974609375 0.44775390625 0.01611328125 0.0927734375
0 0.29833984375 0.45361328125 0.025390625 0.1318359375
0 0.264892578125 0.451171875 0.02490234375 0.138671875
0 0.230224609375 0.4609375 0.03173828125 0.171875
0 0.19140625 0.466796875 0.033203125 0.158203125
0 0.14599609375 0.458984375 0.0341796875 0.17578125
1 0.530029296875 0.42529296875 0.01513671875 0.0126953125
1 0.52783203125 0.4384765625 0.013671875 0.025390625
1 0.5341796875 0.4384765625 0.0166015625 0.029296875
0 0.552734375 0.43310546875 0.0048828125 0.0263671875
0 0.558349609375 0.43359375 0.00537109375 0.025390625
1 0.593994140625 0.4453125 0.04931640625 0.11328125
1 0.629150390625 0.453125 0.07177734375 0.125
0 0.407958984375 0.443359375 0.01025390625 0.0546875
0 0.396240234375 0.44189453125 0.01220703125 0.0615234375
