1 0.6083984375 0.4130859375 0.03125 0.044921875
1 0.5634765625 0.41845703125 0.009765625 0.0185546875
1 0.557861328125 0.43701171875 0.02294921875 0.0322265625
1 0.581787109375 0.42578125 0.03076171875 0.060546875
1 0.53662109375 0.43798828125 0.03125 0.0361328125
1 0.5087890625 0.4375 0.0322265625 0.04296875
1 0.48046875 0.4296875 0.0166015625 0.041015625
0 0.377197265625 0.42041015625 0.00341796875 0.0126953125
0 0.373779296875 0.4228515625 0.00537109375 0.017578125
0 0.35107421875 0.4267578125 0.00390625 0.02734375
1 0.332763671875 0.4365234375 0.02392578125 0.01953125
0 0.3642578125 0.43115234375 0.0029296875 0.0302734375
0 0.362060546875 0.4296875 0.00537109375 0.033203125
0 0.35888671875 0.4306640625 0.0048828125 0.029296875
0 0.12841796875 0.439453125 0.0068359375 0.044921875
0 0.131103515625 0.44140625 0.00537109375 0.041015625
1 0.0810546875 0.4453125 0.0830078125 0.05859375
1 0.384521484375 0.4482421875 0.03564453125 0.056640625
1 0.4765625 0.43994140625 0.0087890625 0.0380859375
