1 0.555419921875 0.38037109375 0.01611328125 0.0263671875
1 0.54931640625 0.38427734375 0.01171875 0.0419921875
1 0.523681640625 0.38818359375 0.03173828125 0.0595703125
1 0.61962890625 0.3876953125 0.0166015625 0.060546875
1 0.634033203125 0.3896484375 0.03759765625 0.0859375
1 0.664794921875 0.3974609375 0.06005859375 0.1171875
1 0.723388671875 0.43896484375 0.12646484375 0.1806640625
1 0.4990234375 0.40283203125 0.0361328125 0.0927734375
1 0.461181640625 0.41845703125 0.07177734375 0.1337890625
1 0.43408203125 0.44091796875 0.068359375 0.1630859375
1 0.412109375 0.47216796875 0.056640625 0.2255859375
1 0.9072265625 0.5849609375 0.1806640625 0.826171875
1 0.241943359375 0.51171875 0.31689453125 0.423828125
