0 0.497314453125 0.42333984375 0.00341796875 0.0185546875
0 0.476318359375 0.44384765625 0.00537109375 0.0322265625
0 0.483154296875 0.44189453125 0.00732421875 0.0439453125
0 0.490966796875 0.44287109375 0.00634765625 0.0439453125
0 0.493896484375 0.4443359375 0.01318359375 0.04296875
0 0.510498046875 0.42724609375 0.00439453125 0.0166015625
0 0.51220703125 0.4423828125 0.0087890625 0.0390625
0 0.52197265625 0.43994140625 0.0068359375 0.0517578125
0 0.5263671875 0.43212890625 0.0068359375 0.0400390625
0 0.41357421875 0.42578125 0.0068359375 0.0234375
0 0.419921875 0.42724609375 0.005859375 0.0205078125
0 0.424560546875 0.42431640625 0.00732421875 0.0263671875
0 0.400390625 0.43359375 0.00390625 0.021484375
0 0.39599609375 0.42919921875 0.005859375 0.0244140625
0 0.392578125 0.43212890625 0.01171875 0.0419921875
0 0.382568359375 0.43408203125 0.01904296875 0.0478515625
0 0.36865234375 0.43212890625 0.0126953125 0.0400390625
0 0.36181640625 0.42822265625 0.0146484375 0.0380859375
0 0.327880859375 0.431640625 0.02001953125 0.046875
0 0.329345703125 0.4384765625 0.01904296875 0.06640625
0 0.317626953125 0.44140625 0.01806640625 0.064453125
0 0.3037109375 0.4365234375 0.0244140625 0.044921875
0 0.26708984375 0.42822265625 0.0185546875 0.0439453125
0 0.279296875 0.40625 0.0341796875 0.11328125
0 0.26171875 0.43994140625 0.0322265625 0.0986328125
0 0.228515625 0.40673828125 0.0283203125 0.0361328125
0 0.249267578125 0.451171875 0.02978515625 0.1015625
0 0.19970703125 0.42333984375 0.0166015625 0.1064453125
0 0.204345703125 0.43408203125 0.01806640625 0.0751953125
0 0.221435546875 0.42919921875 0.04931640625 0.1025390625
0 0.17529296875 0.4208984375 0.01953125 0.06640625
0 0.189697265625 0.41943359375 0.00830078125 0.0830078125
0 0.113525390625 0.41015625 0.01904296875 0.0625
0 0.143798828125 0.41015625 0.01904296875 0.05078125
0 0.159423828125 0.41748046875 0.04345703125 0.0830078125
0 0.130615234375 0.42431640625 0.05419921875 0.0830078125
0 0.0771484375 0.39404296875 0.0087890625 0.0302734375
0 0.046142578125 0.40283203125 0.01806640625 0.0458984375
0 0.073974609375 0.4296875 0.05322265625 0.125
0 0.043212890625 0.443359375 0.04736328125 0.1484375
0 0.340576171875 0.4609375 0.03466796875 0.193359375
1 0.654541015625 0.4365234375 0.02685546875 0.02734375
1 0.689453125 0.42724609375 0.013671875 0.0224609375
0 0.58154296875 0.44091796875 0.01953125 0.1025390625
0 0.597412109375 0.4375 0.01611328125 0.078125
0 0.614013671875 0.43994140625 0.01611328125 0.0732421875
0 0.68359375 0.4306640625 0.0087890625 0.029296875
1 0.74560546875 0.42919921875 0.0234375 0.0380859375
0 0.676513671875 0.44091796875 0.01611328125 0.0537109375
0 0.8349609375 0.43603515625 0.05078125 0.2685546875
0 0.87744140625 0.42822265625 0.048828125 0.2587890625
0 0.566650390625 0.419921875 0.01513671875 0.033203125
