1 0.5498046875 0.3955078125 0.029296875 0.048828125
1 0.410400390625 0.462890625 0.04052734375 0.125
1 0.391357421875 0.4794921875 0.03271484375 0.166015625
1 0.320556640625 0.50390625 0.15966796875 0.232421875
1 0.560302734375 0.41552734375 0.02880859375 0.0556640625
1 0.57470703125 0.43408203125 0.0390625 0.0771484375
1 0.61572265625 0.44775390625 0.06640625 0.1240234375
1 0.639404296875 0.4658203125 0.09814453125 0.146484375
1 0.787841796875 0.52001953125 0.24267578125 0.3466796875
1 0.905029296875 0.666015625 0.18603515625 0.65625
