1 0.72021484375 0.19287109375 0.0234375 0.0341796875
1 0.681884765625 0.19775390625 0.02197265625 0.0322265625
1 0.66162109375 0.20703125 0.029296875 0.060546875
1 0.5419921875 0.1982421875 0.03125 0.044921875
1 0.52197265625 0.2080078125 0.0283203125 0.037109375
1 0.424072265625 0.205078125 0.04541015625 0.04296875
1 0.440673828125 0.20361328125 0.05029296875 0.0341796875
1 0.28857421875 0.2001953125 0.04296875 0.03515625
1 0.301025390625 0.2138671875 0.05810546875 0.041015625
1 0.239013671875 0.216796875 0.04931640625 0.04296875
1 0.01806640625 0.3017578125 0.0390625 0.13671875
1 0.569091796875 0.22265625 0.05029296875 0.068359375
1 0.517333984375 0.23779296875 0.04736328125 0.0205078125
1 0.47900390625 0.20166015625 0.0380859375 0.0517578125
1 0.4814453125 0.29296875 0.0751953125 0.13671875
1 0.6240234375 0.2421875 0.07421875 0.171875
1 0.73828125 0.16748046875 0.0205078125 0.0361328125
0 0.8271484375 0.392578125 0.0576171875 0.271484375
1 0.312255859375 0.42041015625 0.19873046875 0.2607421875
1 0.61669921875 0.3095703125 0.03125 0.103515625
1 0.546142578125 0.40478515625 0.18505859375 0.3291015625
