1 0.53173828125 0.4423828125 0.0166015625 0.0390625
1 0.557861328125 0.45166015625 0.02490234375 0.0732421875
1 0.57666015625 0.4541015625 0.046875 0.09375
1 0.597412109375 0.462890625 0.04736328125 0.115234375
1 0.6376953125 0.46826171875 0.0986328125 0.1513671875
1 0.725830078125 0.509765625 0.15673828125 0.267578125
1 0.8623046875 0.57275390625 0.26953125 0.5029296875
1 0.9853515625 0.81103515625 0.025390625 0.3720703125
1 0.489990234375 0.43603515625 0.02294921875 0.0439453125
1 0.424072265625 0.4345703125 0.10986328125 0.10546875
1 0.385498046875 0.4560546875 0.04443359375 0.091796875
1 0.362060546875 0.46484375 0.07177734375 0.115234375
1 0.281005859375 0.48828125 0.12744140625 0.171875
1 0.10693359375 0.53564453125 0.216796875 0.3779296875
