0 0.7470703125 0.404296875 0.0029296875 0.017578125
0 0.74267578125 0.404296875 0.0029296875 0.015625
1 0.75146484375 0.42138671875 0.0126953125 0.0361328125
1 0.771728515625 0.419921875 0.04248046875 0.044921875
1 0.926025390625 0.4189453125 0.02294921875 0.029296875
0 0.421630859375 0.41943359375 0.00537109375 0.0205078125
0 0.013916015625 0.4248046875 0.01513671875 0.029296875
0 0.028564453125 0.4306640625 0.00634765625 0.013671875
0 0.05126953125 0.42578125 0.0068359375 0.017578125
0 0.064453125 0.42431640625 0.013671875 0.0205078125
1 0.7314453125 0.4267578125 0.0166015625 0.025390625
1 0.71923828125 0.42236328125 0.013671875 0.0361328125
1 0.88720703125 0.42138671875 0.078125 0.0556640625
1 0.981689453125 0.4248046875 0.03271484375 0.044921875
0 0.476806640625 0.5146484375 0.12646484375 0.447265625
0 0.364990234375 0.515625 0.18701171875 0.7265625
