1 0.496826171875 0.46484375 0.01513671875 0.0390625
1 0.50341796875 0.46533203125 0.0166015625 0.0458984375
1 0.514892578125 0.4677734375 0.03076171875 0.056640625
1 0.521240234375 0.47705078125 0.03564453125 0.0537109375
1 0.557861328125 0.486328125 0.05517578125 0.1015625
1 0.58740234375 0.49365234375 0.08203125 0.1337890625
1 0.38720703125 0.44189453125 0.0478515625 0.1142578125
1 0.3486328125 0.474609375 0.068359375 0.11328125
1 0.457275390625 0.4814453125 0.06689453125 0.095703125
0 0.180908203125 0.49365234375 0.03173828125 0.1767578125
0 0.18115234375 0.5146484375 0.03515625 0.15234375
