1 0.54443359375 0.36328125 0.005859375 0.01171875
1 0.54931640625 0.36328125 0.0078125 0.015625
1 0.569580078125 0.36279296875 0.01416015625 0.0263671875
1 0.56494140625 0.37890625 0.0068359375 0.025390625
1 0.57275390625 0.37939453125 0.017578125 0.0283203125
1 0.58642578125 0.38427734375 0.0224609375 0.0361328125
1 0.605224609375 0.40087890625 0.03173828125 0.0556640625
1 0.62646484375 0.41943359375 0.0478515625 0.0732421875
1 0.734375 0.478515625 0.0810546875 0.1640625
1 0.826171875 0.51123046875 0.1611328125 0.2548828125
1 0.9150390625 0.57958984375 0.1669921875 0.4521484375
1 0.490966796875 0.40283203125 0.02685546875 0.0732421875
1 0.469482421875 0.3994140625 0.05224609375 0.107421875
1 0.30908203125 0.474609375 0.1552734375 0.255859375
1 0.125 0.57666015625 0.2529296875 0.4501953125
