0 0.480712890625 0.35888671875 0.00439453125 0.0224609375
0 0.406005859375 0.38623046875 0.00634765625 0.0341796875
0 0.3896484375 0.400390625 0.005859375 0.0390625
0 0.399169921875 0.40966796875 0.01025390625 0.0615234375
0 0.1845703125 0.38671875 0.013671875 0.05859375
0 0.06689453125 0.3935546875 0.0224609375 0.05859375
0 0.521484375 0.38232421875 0.00390625 0.0185546875
1 0.5234375 0.40576171875 0.0546875 0.0439453125
0 0.57763671875 0.3828125 0.005859375 0.017578125
0 0.5634765625 0.38671875 0.0087890625 0.01953125
0 0.673095703125 0.37841796875 0.01708984375 0.0185546875
1 0.6328125 0.41943359375 0.08203125 0.1435546875
1 0.93798828125 0.54443359375 0.1201171875 0.4072265625
0 0.474853515625 0.34521484375 0.00341796875 0.0107421875
