1 0.518798828125 0.42041015625 0.01904296875 0.0224609375
1 0.475341796875 0.43603515625 0.01025390625 0.0361328125
1 0.447021484375 0.44580078125 0.03564453125 0.0537109375
1 0.426513671875 0.45068359375 0.03369140625 0.0712890625
1 0.409912109375 0.4619140625 0.02978515625 0.09375
1 0.37109375 0.46337890625 0.083984375 0.1318359375
1 0.217041015625 0.48388671875 0.20556640625 0.3095703125
1 0.073974609375 0.5595703125 0.15087890625 0.41796875
1 0.517333984375 0.43408203125 0.02587890625 0.0439453125
0 0.50146484375 0.4423828125 0.0224609375 0.083984375
1 0.576904296875 0.44189453125 0.04833984375 0.0771484375
1 0.582275390625 0.45263671875 0.02392578125 0.0849609375
1 0.6083984375 0.44384765625 0.056640625 0.1162109375
1 0.605712890625 0.4638671875 0.03857421875 0.10546875
1 0.6259765625 0.46435546875 0.0439453125 0.1298828125
1 0.670166015625 0.47705078125 0.10986328125 0.1845703125
1 0.8125 0.5400390625 0.2490234375 0.3203125
