1 0.50048828125 0.4423828125 0.0263671875 0.02734375
1 0.5166015625 0.44482421875 0.025390625 0.0341796875
1 0.478515625 0.4443359375 0.0263671875 0.041015625
1 0.431884765625 0.45263671875 0.03173828125 0.0478515625
1 0.414794921875 0.4560546875 0.02587890625 0.05859375
1 0.3974609375 0.4599609375 0.03515625 0.0703125
1 0.612548828125 0.46337890625 0.05615234375 0.1103515625
1 0.633544921875 0.48095703125 0.07470703125 0.1083984375
1 0.728515625 0.50244140625 0.1611328125 0.2255859375
1 0.9521484375 0.76611328125 0.09375 0.3388671875
1 0.3623046875 0.4677734375 0.0625 0.083984375
