1 0.538330078125 0.41064453125 0.01025390625 0.0166015625
1 0.5244140625 0.41650390625 0.009765625 0.0146484375
1 0.46875 0.41552734375 0.0166015625 0.0322265625
1 0.464599609375 0.42236328125 0.00830078125 0.0185546875
1 0.42236328125 0.419921875 0.017578125 0.0234375
1 0.43310546875 0.421875 0.0244140625 0.029296875
0 0.4501953125 0.41796875 0.0048828125 0.052734375
0 0.45166015625 0.41162109375 0.0078125 0.0595703125
1 0.373779296875 0.42236328125 0.02392578125 0.0478515625
1 0.39794921875 0.435546875 0.0517578125 0.07421875
1 0.3388671875 0.39306640625 0.037109375 0.0107421875
1 0.2998046875 0.42578125 0.025390625 0.048828125
1 0.343017578125 0.44921875 0.09228515625 0.107421875
1 0.272705078125 0.4140625 0.01904296875 0.0625
1 0.2490234375 0.421875 0.0556640625 0.08203125
1 0.1201171875 0.390625 0.0751953125 0.076171875
1 0.158447265625 0.41943359375 0.06298828125 0.0869140625
1 0.1865234375 0.435546875 0.07421875 0.087890625
1 0.04052734375 0.44921875 0.083984375 0.15234375
1 0.948974609375 0.45654296875 0.09912109375 0.0849609375
1 0.595947265625 0.45068359375 0.12646484375 0.1357421875
1 0.771240234375 0.4873046875 0.24169921875 0.201171875
