1 0.556640625 0.36572265625 0.0068359375 0.0107421875
0 0.61279296875 0.40673828125 0.0078125 0.0361328125
0 0.632080078125 0.4130859375 0.00732421875 0.037109375
0 0.65087890625 0.4189453125 0.0107421875 0.056640625
1 0.683837890625 0.45263671875 0.05322265625 0.1474609375
1 0.736083984375 0.45703125 0.11083984375 0.212890625
1 0.7939453125 0.4833984375 0.119140625 0.283203125
1 0.91064453125 0.50830078125 0.173828125 0.6884765625
1 0.52880859375 0.40625 0.015625 0.029296875
1 0.54833984375 0.4189453125 0.03125 0.056640625
0 0.42529296875 0.40380859375 0.0078125 0.0146484375
1 0.46435546875 0.42822265625 0.029296875 0.0517578125
1 0.45654296875 0.43359375 0.021484375 0.048828125
1 0.44580078125 0.43603515625 0.0234375 0.0556640625
1 0.430908203125 0.43798828125 0.03271484375 0.0615234375
1 0.417724609375 0.44384765625 0.04345703125 0.0693359375
1 0.335205078125 0.45849609375 0.07763671875 0.1220703125
1 0.24951171875 0.47216796875 0.11328125 0.1904296875
1 0.157958984375 0.50244140625 0.16064453125 0.2099609375
