1 0.529541015625 0.4287109375 0.02001953125 0.033203125
0 0.52880859375 0.42919921875 0.0107421875 0.0419921875
0 0.4638671875 0.42626953125 0.005859375 0.0341796875
0 0.45751953125 0.42919921875 0.0068359375 0.0419921875
0 0.453369140625 0.42919921875 0.00537109375 0.0361328125
0 0.441162109375 0.42822265625 0.00634765625 0.0419921875
0 0.44677734375 0.43017578125 0.0078125 0.0380859375
1 0.409423828125 0.43115234375 0.02197265625 0.0478515625
0 0.397216796875 0.43017578125 0.00732421875 0.0654296875
0 0.390625 0.43359375 0.01171875 0.060546875
0 0.377685546875 0.43017578125 0.00927734375 0.0537109375
0 0.361572265625 0.404296875 0.00634765625 0.01171875
0 0.3681640625 0.42919921875 0.013671875 0.0712890625
0 0.3603515625 0.43505859375 0.0107421875 0.0732421875
0 0.350341796875 0.44287109375 0.02978515625 0.1376953125
0 0.2060546875 0.40283203125 0.0146484375 0.0673828125
1 0.264892578125 0.455078125 0.12060546875 0.185546875
0 0.194580078125 0.41552734375 0.01318359375 0.0830078125
0 0.1865234375 0.4189453125 0.0185546875 0.0859375
0 0.027099609375 0.40087890625 0.03662109375 0.1435546875
1 0.546142578125 0.4365234375 0.01025390625 0.041015625
1 0.566162109375 0.416015625 0.04052734375 0.09375
1 0.557861328125 0.43701171875 0.02001953125 0.0615234375
1 0.56787109375 0.439453125 0.033203125 0.064453125
0 0.605224609375 0.43359375 0.01025390625 0.02734375
0 0.69189453125 0.41748046875 0.0078125 0.0361328125
0 0.67431640625 0.4189453125 0.009765625 0.046875
1 0.48974609375 0.43359375 0.013671875 0.04296875
0 0.77197265625 0.43359375 0.0126953125 0.029296875
0 0.892333984375 0.43505859375 0.00634765625 0.1005859375
0 0.883056640625 0.44384765625 0.03173828125 0.1123046875
0 0.83251953125 0.40576171875 0.0107421875 0.0361328125
0 0.82177734375 0.3974609375 0.0224609375 0.07421875
0 0.84423828125 0.44189453125 0.029296875 0.1435546875
0 0.904052734375 0.4013671875 0.01416015625 0.072265625
0 0.995361328125 0.40234375 0.00537109375 0.0546875
0 0.32421875 0.46630859375 0.0283203125 0.1865234375
0 0.330322265625 0.46337890625 0.03076171875 0.2080078125
0 0.426513671875 0.46044921875 0.03173828125 0.1962890625
0 0.468994140625 0.46240234375 0.05126953125 0.2001953125
