1 0.58740234375 0.43310546875 0.021484375 0.0537109375
1 0.615234375 0.44677734375 0.06640625 0.1279296875
1 0.639404296875 0.46435546875 0.05322265625 0.1689453125
1 0.43408203125 0.4169921875 0.017578125 0.03125
1 0.418701171875 0.43701171875 0.02978515625 0.0751953125
1 0.458984375 0.44189453125 0.068359375 0.0927734375
1 0.39990234375 0.44970703125 0.048828125 0.0869140625
1 0.5234375 0.4423828125 0.083984375 0.154296875
1 0.37939453125 0.45263671875 0.0283203125 0.1083984375
1 0.712158203125 0.46337890625 0.15380859375 0.2802734375
1 0.81884765625 0.53515625 0.2392578125 0.3671875
1 0.16748046875 0.50732421875 0.15234375 0.2119140625
1 0.295654296875 0.50537109375 0.18505859375 0.2568359375
1 0.064697265625 0.564453125 0.13037109375 0.33984375
