1 0.4892578125 0.375 0.01171875 0.017578125
1 0.3935546875 0.36083984375 0.0185546875 0.0244140625
1 0.41357421875 0.353515625 0.02734375 0.017578125
1 0.384765625 0.37841796875 0.025390625 0.0537109375
1 0.37646484375 0.3857421875 0.025390625 0.0625
1 0.364990234375 0.39013671875 0.03076171875 0.0673828125
1 0.342041015625 0.3935546875 0.03955078125 0.078125
1 0.302734375 0.3623046875 0.0537109375 0.0234375
1 0.19580078125 0.41064453125 0.091796875 0.1552734375
1 0.093505859375 0.4560546875 0.17529296875 0.19140625
1 0.4833984375 0.35498046875 0.0244140625 0.0537109375
1 0.474853515625 0.3515625 0.01416015625 0.005859375
1 0.472412109375 0.3720703125 0.02197265625 0.041015625
1 0.4482421875 0.37158203125 0.0361328125 0.0712890625
1 0.41552734375 0.3955078125 0.0595703125 0.08984375
1 0.557373046875 0.36181640625 0.00927734375 0.0107421875
1 0.56494140625 0.35888671875 0.013671875 0.0205078125
1 0.606201171875 0.3603515625 0.01904296875 0.037109375
1 0.62548828125 0.36328125 0.0283203125 0.05078125
1 0.569091796875 0.365234375 0.00830078125 0.02734375
1 0.574462890625 0.3720703125 0.01220703125 0.044921875
1 0.587158203125 0.375 0.02685546875 0.05078125
1 0.683837890625 0.4111328125 0.08642578125 0.15625
1 0.723388671875 0.44482421875 0.12451171875 0.1572265625
1 0.859619140625 0.42431640625 0.10986328125 0.1455078125
1 0.2783203125 0.47314453125 0.171875 0.2177734375
1 0.541748046875 0.41650390625 0.07080078125 0.1142578125
