1 0.555419921875 0.44091796875 0.01708984375 0.0244140625
1 0.56640625 0.44482421875 0.017578125 0.0400390625
1 0.5810546875 0.4453125 0.025390625 0.052734375
1 0.584716796875 0.453125 0.02685546875 0.05859375
1 0.59619140625 0.4580078125 0.0224609375 0.078125
1 0.612060546875 0.46044921875 0.03759765625 0.0810546875
1 0.618408203125 0.46923828125 0.03955078125 0.0947265625
1 0.646728515625 0.474609375 0.06005859375 0.125
1 0.6953125 0.49072265625 0.09765625 0.1669921875
1 0.75341796875 0.5234375 0.126953125 0.23046875
1 0.871826171875 0.5693359375 0.25244140625 0.376953125
1 0.96044921875 0.7216796875 0.07421875 0.40234375
1 0.468505859375 0.45068359375 0.02392578125 0.0517578125
1 0.455322265625 0.45654296875 0.03076171875 0.0712890625
1 0.43798828125 0.46240234375 0.029296875 0.0947265625
1 0.41943359375 0.4619140625 0.044921875 0.1171875
1 0.402587890625 0.47119140625 0.04736328125 0.1298828125
1 0.358154296875 0.47705078125 0.09521484375 0.1767578125
1 0.286865234375 0.5185546875 0.14794921875 0.224609375
1 0.087890625 0.65625 0.1787109375 0.591796875
1 0.52685546875 0.4345703125 0.0107421875 0.01953125
0 0.514404296875 0.4375 0.00927734375 0.033203125
