1 0.486572265625 0.4404296875 0.02294921875 0.03125
1 0.57080078125 0.44287109375 0.021484375 0.0419921875
1 0.627197265625 0.47216796875 0.04541015625 0.1044921875
1 0.667236328125 0.48583984375 0.09228515625 0.1376953125
1 0.81640625 0.5498046875 0.2255859375 0.3203125
1 0.90771484375 0.67333984375 0.1796875 0.6240234375
0 0.135009765625 0.39404296875 0.01513671875 0.0322265625
1 0.43505859375 0.4306640625 0.044921875 0.107421875
1 0.43359375 0.4580078125 0.017578125 0.07421875
1 0.407958984375 0.45849609375 0.05322265625 0.0947265625
1 0.388427734375 0.470703125 0.05029296875 0.099609375
1 0.35107421875 0.47998046875 0.0751953125 0.1181640625
1 0.2978515625 0.49755859375 0.0751953125 0.1650390625
1 0.226318359375 0.50927734375 0.14208984375 0.2177734375
1 0.09912109375 0.5546875 0.201171875 0.34375
1 0.536865234375 0.46728515625 0.07568359375 0.1279296875
