1 0.556640625 0.4619140625 0.0205078125 0.03125
0 0.545654296875 0.453125 0.01025390625 0.05078125
1 0.462890625 0.46435546875 0.0234375 0.0361328125
1 0.453857421875 0.470703125 0.02294921875 0.021484375
0 0.48974609375 0.466796875 0.0068359375 0.02734375
1 0.589111328125 0.45458984375 0.04052734375 0.0732421875
1 0.60888671875 0.4638671875 0.0380859375 0.087890625
0 0.648681640625 0.4150390625 0.01123046875 0.017578125
0 0.6669921875 0.4111328125 0.0107421875 0.033203125
1 0.641357421875 0.4736328125 0.06787109375 0.111328125
1 0.672119140625 0.494140625 0.05322265625 0.16015625
1 0.742919921875 0.50439453125 0.15087890625 0.2080078125
1 0.922119140625 0.55126953125 0.15283203125 0.5458984375
1 0.236328125 0.494140625 0.1005859375 0.126953125
1 0.038818359375 0.5341796875 0.08056640625 0.216796875
